1654683231.653872 -0.0956165 -0.1693345 0.3041635 -0.7278000 -0.0158119 0.0049759 0.6855355
1654683232.555881 -0.1035733 -0.2329236 0.3312447 -0.7280796 -0.0198127 0.0040557 0.6851405
1654683234.654280 -0.1030888 -0.3946301 0.4186486 -0.7266829 -0.0203651 0.0035026 0.6862277
1654683237.355185 0.0345993 -0.3881983 0.4161558 -0.7274879 -0.0104044 -0.0068294 0.6856455
1654683239.254956 0.2562888 -0.3766317 0.4143812 -0.7277663 0.0069222 -0.0217614 0.6850723
1654683239.754712 0.3215271 -0.3752883 0.4124910 -0.7279837 0.0113840 -0.0264493 0.6846710
1654683240.154465 0.3500776 -0.3737825 0.4110396 -0.7280008 0.0133197 -0.0291519 0.6845066
1654683240.753722 0.3172766 -0.3765843 0.4143968 -0.7277633 0.0115780 -0.0253708 0.6849438
1654683242.154237 0.2193328 -0.3783621 0.4149910 -0.7276018 0.0046239 -0.0190318 0.6852927
1654683244.855017 -0.0753311 -0.3982684 0.4184217 -0.7273809 -0.0186632 0.0014915 0.6856768
1654683247.056041 -0.1208508 -0.4016776 0.4193781 -0.7270030 -0.0226526 0.0042024 0.6859479
1654683249.955950 -0.1357224 -0.4941230 0.4695222 -0.7263162 -0.0244890 0.0054552 0.6865506
1654683252.456602 -0.1281893 -0.7329006 0.6076995 -0.7245092 -0.0243780 0.0077314 0.6884966
1654683255.157382 0.0644884 -0.7119220 0.6019181 -0.7260060 -0.0076407 -0.0086471 0.6872868
1654683256.656774 0.2770813 -0.7007997 0.5976982 -0.7261209 0.0095154 -0.0252444 0.6867803
1654683257.157280 0.2611201 -0.7017213 0.5969369 -0.7262905 0.0081647 -0.0235779 0.6866782
1654683257.556658 0.2439417 -0.7021037 0.5968698 -0.7264311 0.0067751 -0.0220410 0.6865961
1654683258.056289 0.2329347 -0.6992694 0.5968338 -0.7263395 0.0056058 -0.0233102 0.6866042
1654683259.456180 -0.0520827 -0.7210427 0.6021187 -0.7255635 -0.0175457 0.0002776 0.6875777
1654683262.357961 -0.2757720 -0.7504004 0.6053548 -0.7247763 -0.0363171 0.0180557 0.6875002
1654683264.858865 -0.2653364 -0.8370826 0.6577362 -0.7241915 -0.0359985 0.0175765 0.6881456
1654683267.558394 -0.2397996 -1.0507123 0.7772083 -0.7233679 -0.0346699 0.0174081 0.6891370
1654683268.458780 -0.2345090 -1.1276634 0.8184561 -0.7234074 -0.0348140 0.0176160 0.6891354
1654683268.759159 -0.2330547 -1.1548796 0.8344055 -0.7230878 -0.0350882 0.0175093 0.6894596
1654683269.058661 -0.2383899 -1.1842283 0.8476487 -0.7230016 -0.0359078 0.0182991 0.6894876
1654683269.859545 -0.2280038 -1.2400091 0.8787024 -0.7226695 -0.0353752 0.0175100 0.6898837
1654683270.359677 -0.2329803 -1.2386374 0.8769383 -0.7229175 -0.0354279 0.0177919 0.6895617
1654683270.859307 -0.2301177 -1.2347732 0.9010066 -0.7211269 -0.0360123 0.0172745 0.6914184
1654683271.359062 -0.2359607 -1.2125250 1.0103480 -0.7147679 -0.0353003 0.0186817 0.6980461
1654683271.659440 -0.2327166 -1.1950212 1.0538454 -0.7138439 -0.0356066 0.0173401 0.6990103
1654683271.959695 -0.2335028 -1.1751010 1.1128381 -0.7124214 -0.0347961 0.0173886 0.7005004
1654683272.559952 -0.2366074 -1.1349456 1.2159293 -0.7119945 -0.0354950 0.0169331 0.7008615
1654683272.859829 -0.2371731 -1.1148540 1.2707558 -0.7116418 -0.0350701 0.0162410 0.7012573
1654683273.160083 -0.2427840 -1.0970135 1.3243024 -0.7113856 -0.0353798 0.0166204 0.7014932
1654683273.459836 -0.2416787 -1.0781909 1.3794935 -0.7110883 -0.0349555 0.0160886 0.7017792
1654683273.659838 -0.2400043 -1.0656396 1.4171693 -0.7110982 -0.0348301 0.0153856 0.7018400
1654683273.959966 -0.2439106 -1.0490993 1.4729950 -0.7109652 -0.0350796 0.0154470 0.7019610
1654683274.259845 -0.2454571 -1.0326334 1.5290334 -0.7107390 -0.0351014 0.0152703 0.7021930
1654683274.459722 -0.2434480 -1.0218725 1.5652151 -0.7107953 -0.0347930 0.0146348 0.7021644
1654683274.659975 -0.2432902 -1.0114889 1.6024345 -0.7107513 -0.0347999 0.0146085 0.7022092
1654683274.860352 -0.2443375 -1.0016626 1.6419337 -0.7107268 -0.0348011 0.0144197 0.7022870
1654683275.259605 -0.2466694 -0.9779152 1.7090256 -0.7104937 -0.0348558 0.0140789 0.7024289
1654683275.459109 -0.2458175 -0.9684786 1.7449509 -0.7104658 -0.0347986 0.0134966 0.7024713
1654683275.559484 -0.2460287 -0.9639577 1.7632682 -0.7104669 -0.0345555 0.0133654 0.7024846
1654683275.860112 -0.2496484 -0.9507520 1.8172846 -0.7104928 -0.0347831 0.0132223 0.7024496
1654683276.059865 -0.2506869 -0.9419786 1.8516551 -0.7105739 -0.0346965 0.0130218 0.7023264
1654683276.259493 -0.2495168 -0.9324720 1.8870839 -0.7105927 -0.0346230 0.0126025 0.7023184
1654683276.459244 -0.2496065 -0.9238927 1.9206842 -0.7106773 -0.0343624 0.0122236 0.7022027
1654683276.858499 -0.2540130 -0.9107988 1.9910257 -0.7108077 -0.0343371 0.0120319 0.7020749
1654683276.958750 -0.2542220 -0.9073706 2.0085390 -0.7108386 -0.0343143 0.0118658 0.7020473
1654683277.258878 -0.2531372 -0.8968433 2.0602014 -0.7110841 -0.0337970 0.0114748 0.7018297
1654683277.659384 -0.2543344 -0.8831528 2.1306558 -0.7113332 -0.0339152 0.0111659 0.7016254
1654683277.859510 -0.2546021 -0.8764383 2.1656365 -0.7114540 -0.0339446 0.0109032 0.7015053
1654683278.059387 -0.2535744 -0.8697870 2.2002547 -0.7115941 -0.0339450 0.0105334 0.7013684
1654683278.259140 -0.2526320 -0.8635089 2.2339609 -0.7117770 -0.0338138 0.0104242 0.7011905
1654683278.659145 -0.2534081 -0.8550125 2.3027341 -0.7120395 -0.0337535 0.0104258 0.7009266
1654683278.859272 -0.2525472 -0.8497561 2.3384216 -0.7123332 -0.0337478 0.0102112 0.7006810
1654683279.358778 -0.2520321 -0.8363917 2.4223320 -0.7126742 -0.0337764 0.0094629 0.7003425
1654683279.558906 -0.2524716 -0.8317649 2.4572644 -0.7128229 -0.0337403 0.0092086 0.7002463
1654683279.858532 -0.2514470 -0.8254285 2.5076938 -0.7130823 -0.0336553 0.0088273 0.6999909
1654683280.358413 -0.2510507 -0.8155729 2.5914013 -0.7135041 -0.0334045 0.0084147 0.6995772
1654683280.558166 -0.2511874 -0.8125791 2.6224215 -0.7135949 -0.0332589 0.0083046 0.6994424
1654683280.757917 -0.2509221 -0.8104895 2.6563220 -0.7137939 -0.0330824 0.0080599 0.6992503
1654683281.357800 -0.2508680 -0.8023162 2.7571726 -0.7142639 -0.0330205 0.0074704 0.6987789
1654683281.657803 -0.2497450 -0.7999501 2.8071239 -0.7146246 -0.0327381 0.0071907 0.6984258
1654683282.057307 -0.2497499 -0.7969241 2.8742456 -0.7149891 -0.0325284 0.0069296 0.6980644
1654683282.456437 -0.2490318 -0.7939805 2.9428446 -0.7154088 -0.0323434 0.0065156 0.6976464
1654683282.756066 -0.2488876 -0.7921556 2.9955823 -0.7156093 -0.0321487 0.0061298 0.6974527
1654683283.357448 -0.2471823 -0.7896422 3.1030345 -0.7161965 -0.0318935 0.0055989 0.6968650
1654683283.756827 -0.2464931 -0.7885783 3.1748238 -0.7166176 -0.0316470 0.0052712 0.6963936
1654683283.955828 -0.2454922 -0.7905338 3.2117763 -0.7168330 -0.0315369 0.0049336 0.6962304
1654683284.556710 -0.2434662 -0.7944057 3.3233325 -0.7173685 -0.0312187 0.0044797 0.6956437
1654683284.956964 -0.2420292 -0.8011928 3.4011884 -0.7178526 -0.0309210 0.0040541 0.6951592
1654683285.655472 -0.2404425 -0.8137577 3.5381773 -0.7186466 -0.0302893 0.0033190 0.6943684
1654683285.855974 -0.2394184 -0.8177568 3.5786600 -0.7189335 -0.0301012 0.0030399 0.6941327
1654683286.257230 -0.2372956 -0.8268011 3.6594968 -0.7193144 -0.0297918 0.0027393 0.6937521
1654683286.557107 -0.2358353 -0.8337494 3.7201595 -0.7196275 -0.0296950 0.0024712 0.6934319
1654683286.956362 -0.2329541 -0.8448948 3.8033929 -0.7199733 -0.0293163 0.0021618 0.6930894
1654683287.155740 -0.2318029 -0.8507603 3.8446403 -0.7202432 -0.0289795 0.0018847 0.6928236
1654683288.055375 -0.2264037 -0.8864430 4.0348072 -0.7212108 -0.0282503 0.0010513 0.6918466
1654683288.555881 -0.2222439 -0.9104236 4.1442204 -0.7216481 -0.0278426 0.0007650 0.6914068
1654683288.855509 -0.2203168 -0.9283540 4.2087111 -0.7219059 -0.0272894 0.0004518 0.6911060
1654683291.553039 -0.1953606 -1.1141213 4.7969766 -0.7236913 -0.0245158 -0.0013820 0.6893898
1654683294.354945 -0.1900258 -1.1527703 4.9083867 -0.7259653 -0.0239270 -0.0028961 0.6870071
1654683297.155102 -0.2001123 -1.0091860 4.9599042 -0.7267632 -0.0239943 -0.0021329 0.6862180
1654683298.655369 -0.2213325 -0.8287507 5.0218420 -0.7275221 -0.0250652 -0.0034738 0.6853127
1654683301.454776 -0.2558202 -0.4561667 5.1551290 -0.7292795 -0.0259362 -0.0040131 0.6834605
1654683304.155056 -0.2790604 -0.0930622 5.2739100 -0.7318246 -0.0250257 -0.0014329 0.6807210
1654683307.154464 -0.3158118 0.3228525 5.4016767 -0.7350281 -0.0245977 0.0020882 0.6772724
1654683309.854371 -0.3399158 0.5200106 5.4574671 -0.7362817 -0.0257243 0.0021235 0.6758658
1654683312.553900 -0.3313665 0.4051119 5.7155123 -0.7348750 -0.0248423 0.0019465 0.6773728
1654683315.453557 -0.3273810 0.3786492 5.7755380 -0.7359397 -0.0246023 0.0017911 0.6762235
1654683317.553706 -0.0691883 0.4200211 5.7632198 -0.7364772 -0.0071112 -0.0153897 0.6757441
1654683318.553967 0.1754079 0.4346560 5.7574573 -0.7366382 0.0094749 -0.0300433 0.6750324
1654683321.550127 0.9000150 0.4314884 5.7417340 -0.7349077 0.0582358 -0.0764020 0.6708272
1654683321.850754 0.9753637 0.4232238 5.7399635 -0.7347482 0.0631429 -0.0811894 0.6699904
1654683324.755162 1.6814865 0.3054956 5.7211528 -0.7291898 0.1108294 -0.1251088 0.6628168
1654683327.753571 2.3866286 0.0853332 5.7080421 -0.7205139 0.1589579 -0.1702232 0.6524802
1654683330.554476 2.6073802 -0.0037996 5.7092538 -0.7171149 0.1738112 -0.1838180 0.6488065
1654683332.254122 2.5932946 0.0001971 5.7114573 -0.7174343 0.1728755 -0.1829849 0.6489392
1654683334.953527 2.4756472 -0.1817768 6.1415477 -0.7181231 0.1729888 -0.1838517 0.6479803
1654683336.253041 2.4818227 -0.1775676 6.1268768 -0.7193321 0.1733432 -0.1845010 0.6464376
1654683336.654295 2.4737597 -0.2033849 6.1663141 -0.7163303 0.1732489 -0.1824217 0.6503013
1654683337.253927 2.4521134 -0.1650669 6.1285710 -0.7195855 0.1721852 -0.1812686 0.6472995
1654683338.152688 2.2854779 -0.1038660 6.1351857 -0.7217951 0.1590521 -0.1715510 0.6507661
1654683339.554203 1.9562817 -0.0011299 6.1447105 -0.7257290 0.1355221 -0.1486199 0.6574242
1654683340.454214 1.7249800 0.0700155 6.1411543 -0.7291637 0.1197015 -0.1339858 0.6598452
1654683341.554351 1.3925110 0.1439065 6.1501389 -0.7322392 0.0960869 -0.1128462 0.6642560
1654683343.053369 0.9690968 0.1925645 6.1747837 -0.7343085 0.0664840 -0.0835092 0.6699304
1654683344.953515 0.4179200 0.2290478 6.1813231 -0.7364824 0.0277671 -0.0478065 0.6737818
1654683345.552521 0.2549191 0.2329827 6.1728530 -0.7376825 0.0161940 -0.0369592 0.6735349
1654683348.551429 -0.6300358 0.1126900 6.1921144 -0.7356752 -0.0462777 0.0214635 0.6750492
1654683349.252814 -0.8432246 0.0607064 6.2009611 -0.7339194 -0.0611947 0.0359080 0.6752247
1654683351.153208 -1.4180396 -0.1244651 6.2133150 -0.7287158 -0.1034338 0.0756024 0.6724537
1654683353.653238 -1.9881008 -0.3860385 6.2220922 -0.7207746 -0.1472864 0.1159257 0.6671007
1654683356.353518 -1.9713537 -0.3707477 6.2216907 -0.7211742 -0.1446870 0.1152426 0.6673103
1654683359.152050 -1.9836751 -0.3833064 6.2217851 -0.7204154 -0.1464619 0.1156628 0.6676708
1654683361.955581 -1.8465178 -0.6646328 6.0779643 -0.7189921 -0.1441249 0.1155965 0.6697236
1654683364.852615 -1.6885098 -1.0331061 5.8905473 -0.7156237 -0.1445904 0.1109482 0.6740050
1654683367.652647 -1.5205684 -1.3954139 5.6977439 -0.7136469 -0.1431173 0.1121032 0.6762666
1654683370.451553 -1.3638874 -1.7492939 5.4970069 -0.7119223 -0.1423145 0.1129999 0.6780612
1654683372.353698 -1.2592509 -1.9808487 5.3625445 -0.7107173 -0.1417149 0.1128469 0.6795185
1654683373.355710 -1.2155337 -2.0886376 5.2981882 -0.7100000 -0.1418929 0.1124085 0.6802614
1654683373.954343 -1.2115872 -2.0949445 5.2970591 -0.7100475 -0.1414766 0.1125287 0.6802788
1654683375.755112 -1.2931554 -1.9264123 4.9843874 -0.7139569 -0.1442370 0.1108460 0.6759079
1654683376.755625 -1.3275571 -1.8568676 4.8081255 -0.7120442 -0.1449128 0.1133673 0.6773213
1654683377.055752 -1.3425006 -1.8249025 4.7420812 -0.7126043 -0.1455476 0.1125838 0.6767685
1654683379.354779 -1.4112749 -1.6928974 4.3067899 -0.7100965 -0.1480640 0.1148578 0.6784354
1654683382.054558 -1.4450750 -1.6315287 4.0430555 -0.7086702 -0.1491812 0.1159750 0.6795353
1654683384.356709 -1.4476926 -1.6297073 4.0200748 -0.7080885 -0.1488498 0.1166415 0.6801424
1654683385.356596 -1.4495220 -1.6324923 4.0208611 -0.7081198 -0.1489075 0.1168736 0.6800575
1654683386.155355 -1.5727044 -1.7059109 4.0253587 -0.7050471 -0.1622094 0.1292138 0.6779373
1654683386.855238 -1.6807253 -1.7666612 4.0243077 -0.7021192 -0.1734256 0.1401585 0.6760301
1654683387.554497 -1.7920630 -1.8452930 4.0263138 -0.6991177 -0.1850803 0.1514629 0.6735775
1654683387.853750 -1.8371437 -1.8787556 4.0298786 -0.6976223 -0.1901398 0.1567591 0.6725476
1654683388.153878 -1.8894544 -1.9151638 4.0300808 -0.6958340 -0.1962200 0.1625647 0.6712416
1654683388.753261 -1.9839258 -1.9844222 4.0292697 -0.6926569 -0.2060881 0.1721181 0.6691934
1654683389.053390 -2.0272880 -2.0222726 4.0268593 -0.6908862 -0.2111985 0.1771528 0.6680853
1654683389.253890 -2.0585496 -2.0498838 4.0288210 -0.6896198 -0.2146956 0.1807418 0.6673207
1654683389.855772 -2.1291170 -2.1203430 4.0298195 -0.6866295 -0.2236008 0.1893997 0.6649832
1654683390.355654 -2.1733649 -2.1558909 4.0303540 -0.6847246 -0.2290195 0.1951100 0.6634583
1654683391.254662 -2.2480288 -2.2330420 4.0336432 -0.6815938 -0.2387531 0.2041033 0.6605511
1654683391.953047 -2.2959785 -2.3056831 4.0411177 -0.6788443 -0.2461126 0.2109164 0.6584561
1654683393.656316 -2.3711624 -2.4553628 4.0672078 -0.6735414 -0.2615102 0.2270904 0.6526476
1654683396.356347 -2.3957453 -2.7257383 4.1196604 -0.6662339 -0.2818547 0.2461865 0.6447653
1654683398.852624 -2.4314179 -2.7759831 4.1359019 -0.6643835 -0.2875206 0.2517200 0.6421167
1654683401.652031 -2.4312215 -2.7822890 4.1316705 -0.6641691 -0.2877568 0.2519270 0.6420740
1654683402.353538 -2.4331818 -2.7746553 4.1304107 -0.6642479 -0.2876205 0.2519405 0.6420481
1654683403.252175 -2.4349687 -2.7749298 4.0970821 -0.6649454 -0.2879405 0.2508397 0.6415343
1654683405.953830 -2.4789405 -2.7548740 3.8688481 -0.6628370 -0.2887344 0.2519680 0.6429465
1654683407.253845 -2.4944880 -2.7425125 3.7379010 -0.6619464 -0.2892906 0.2528091 0.6433359
1654683407.553973 -2.4954937 -2.7372990 3.7046435 -0.6617439 -0.2893461 0.2530720 0.6434166
1654683408.053103 -2.4987025 -2.7375829 3.6459212 -0.6612722 -0.2895494 0.2534251 0.6436714
1654683408.453608 -2.5062740 -2.7385960 3.5927434 -0.6609573 -0.2899086 0.2532620 0.6438975
1654683408.954864 -2.5019054 -2.7420335 3.5294232 -0.6605637 -0.2901583 0.2536457 0.6440133
1654683409.354870 -2.5134208 -2.7356849 3.4722466 -0.6600521 -0.2903870 0.2539612 0.6443362
1654683409.754998 -2.5129514 -2.7401865 3.4155269 -0.6597260 -0.2904707 0.2542658 0.6444877
1654683411.554644 -2.5176463 -2.7388811 3.1400397 -0.6583505 -0.2909775 0.2557959 0.6451131
1654683412.454780 -2.5233479 -2.7442355 2.9869573 -0.6572312 -0.2916701 0.2563034 0.6457907
1654683412.654156 -2.5183673 -2.7442856 2.9498923 -0.6570607 -0.2916294 0.2570086 0.6456782
1654683412.754034 -2.5167832 -2.7486482 2.9283137 -0.6568882 -0.2913270 0.2570959 0.6459556
1654683413.354039 -2.5157413 -2.7495549 2.8296211 -0.6563772 -0.2920597 0.2577204 0.6459205
1654683413.553792 -2.5133955 -2.7578266 2.7940662 -0.6562263 -0.2916386 0.2578393 0.6461922
1654683413.754044 -2.5105197 -2.7627699 2.7586679 -0.6559275 -0.2920097 0.2580688 0.6462124
1654683414.155798 -2.5083456 -2.7628798 2.6925409 -0.6556877 -0.2922846 0.2586237 0.6461347
1654683414.356426 -2.5045362 -2.7664268 2.6568274 -0.6555963 -0.2920272 0.2588415 0.6462325
1654683414.756431 -2.4983914 -2.7766590 2.5860307 -0.6552551 -0.2920709 0.2592441 0.6463984
1654683415.355937 -2.4905970 -2.7915614 2.4776616 -0.6546273 -0.2927026 0.2595947 0.6466088
1654683415.555439 -2.4875329 -2.7976387 2.4391892 -0.6545231 -0.2925565 0.2596826 0.6466973
1654683415.955444 -2.4802837 -2.8090014 2.3650012 -0.6541882 -0.2926426 0.2600626 0.6468452
1654683416.155320 -2.4768252 -2.8153169 2.3277447 -0.6540037 -0.2931352 0.2601547 0.6467723
1654683416.355073 -2.4756467 -2.8221655 2.2916563 -0.6538472 -0.2930998 0.2600397 0.6469691
1654683416.753829 -2.4669626 -2.8368139 2.2118759 -0.6533898 -0.2934063 0.2603461 0.6471702
1654683416.954205 -2.4643824 -2.8464112 2.1723580 -0.6530490 -0.2937727 0.2603595 0.6473194
1654683417.154458 -2.4636307 -2.8573244 2.1340261 -0.6529921 -0.2936815 0.2600466 0.6475435
1654683417.853965 -2.4741597 -2.9098213 2.0073032 -0.6530020 -0.2943067 0.2583889 0.6480073
1654683418.054594 -2.4775770 -2.9304216 1.9730515 -0.6526544 -0.2945807 0.2572707 0.6486763
1654683418.456346 -2.4889326 -2.9712059 1.9390522 -0.6532832 -0.2955725 0.2550728 0.6485067
1654683418.656476 -2.4963846 -2.9860463 1.9577534 -0.6526924 -0.2945790 0.2552650 0.6495010
1654683418.856353 -2.5016844 -2.9991832 1.9623333 -0.6528938 -0.2942902 0.2549560 0.6495261
1654683419.654736 -2.4947207 -2.9901762 1.9513949 -0.6531951 -0.2949471 0.2548206 0.6489763
1654683419.854114 -2.4907036 -2.9874988 1.9592885 -0.6524150 -0.2943393 0.2556612 0.6496572
1654683420.354495 -2.4936585 -2.9915869 1.9582033 -0.6527507 -0.2944480 0.2552839 0.6494187
1654683420.655373 -2.5139859 -3.0284612 1.9720660 -0.6539673 -0.2931368 0.2529010 0.6496930
1654683421.957762 -2.6594086 -3.2737684 2.0210552 -0.6669407 -0.2656701 0.2254478 0.6582416
1654683422.358891 -2.7624784 -3.4005630 2.0622313 -0.6723933 -0.2537188 0.2148071 0.6609714
1654683422.558769 -2.8366303 -3.4862030 2.0831842 -0.6744140 -0.2496947 0.2094047 0.6621390
1654683422.758646 -2.9159081 -3.5748765 2.1163673 -0.6766858 -0.2434833 0.2062577 0.6630843
1654683422.958648 -2.9983683 -3.6559882 2.1365120 -0.6795471 -0.2374831 0.1987930 0.6645677
1654683423.558406 -3.3120501 -3.8940411 2.2336652 -0.6877295 -0.2177009 0.1804323 0.6681145
1654683423.757908 -3.4296148 -3.9756608 2.2586946 -0.6903067 -0.2107417 0.1756204 0.6689569
1654683423.957410 -3.5461681 -4.0497122 2.2900181 -0.6926478 -0.2039510 0.1696577 0.6701664
1654683424.257663 -3.7341359 -4.1492052 2.3413856 -0.6966561 -0.1938619 0.1593697 0.6715807
1654683424.358041 -3.8027658 -4.1960135 2.3472490 -0.6975316 -0.1902161 0.1559461 0.6724381
1654683424.758295 -4.0784268 -4.3041954 2.4118078 -0.7023347 -0.1762780 0.1433371 0.6740133
1654683424.957673 -4.2247152 -4.3712325 2.4360473 -0.7040637 -0.1684644 0.1371512 0.6754019
1654683425.257174 -4.4509025 -4.4395390 2.4865217 -0.7070810 -0.1587113 0.1270566 0.6766033
1654683425.556927 -4.6925235 -4.4907885 2.5441883 -0.7097992 -0.1478982 0.1183308 0.6778530
1654683425.657305 -4.7818909 -4.5229554 2.5548124 -0.7106656 -0.1439239 0.1147018 0.6784183
1654683425.857557 -4.9581685 -4.5536604 2.5905190 -0.7126353 -0.1370058 0.1082782 0.6788278
1654683426.057559 -5.1351199 -4.5823936 2.6315498 -0.7142938 -0.1293955 0.1023017 0.6794495
1654683426.257312 -5.3143344 -4.6024737 2.6739132 -0.7159854 -0.1219848 0.0963108 0.6799036
1654683426.756192 -5.7567916 -4.5494413 2.8025949 -0.7199246 -0.1043308 0.0822958 0.6806318
1654683426.856443 -5.8571892 -4.5637131 2.8185816 -0.7209302 -0.1000124 0.0787065 0.6806353
1654683427.056821 -6.0719876 -4.5932064 2.8496563 -0.7223864 -0.0927359 0.0718547 0.6807262
1654683427.257198 -6.2799487 -4.5652332 2.9093165 -0.7235463 -0.0846355 0.0658623 0.6811448
1654683427.557076 -6.6102719 -4.5320086 2.9825301 -0.7255703 -0.0732766 0.0566495 0.6810697
1654683427.656953 -6.7322717 -4.5305386 3.0058904 -0.7261785 -0.0689308 0.0533617 0.6811350
1654683427.957956 -7.0758214 -4.4500408 3.0996766 -0.7278882 -0.0573827 0.0443870 0.6810061
1654683428.459837 -7.6285396 -4.1794920 3.2890420 -0.7302036 -0.0391207 0.0290909 0.6807724
1654683428.559712 -7.7562618 -4.1386857 3.3163936 -0.7306260 -0.0352029 0.0251857 0.6806836
1654683428.960216 -8.1999521 -3.8572032 3.4683475 -0.7319483 -0.0201896 0.0137003 0.6801822
1654683429.259596 -8.5426998 -3.6424508 3.5775399 -0.7329491 -0.0090833 0.0034799 0.6793997
1654683429.559099 -8.8504314 -3.3606155 3.7212367 -0.7335022 0.0018483 -0.0053179 0.6788904
1654683429.758976 -9.0581675 -3.1600778 3.8164840 -0.7339589 0.0100965 -0.0115271 0.6782369
1654683429.958478 -9.2830954 -2.9408836 3.9171653 -0.7342691 0.0173803 -0.0172822 0.6774444
1654683430.058480 -9.4097500 -2.8343544 3.9616873 -0.7342724 0.0213225 -0.0207543 0.6771051
1654683430.358608 -9.6897964 -2.3984313 4.1471410 -0.7346444 0.0312247 -0.0303043 0.6760556
1654683430.558861 -9.8738346 -2.0939364 4.2631078 -0.7347798 0.0395719 -0.0364401 0.6752172
1654683430.658862 -9.9777422 -1.9486114 4.3077745 -0.7345737 0.0435464 -0.0394310 0.6749000
1654683430.858738 -10.1432772 -1.6081480 4.4195085 -0.7347867 0.0503410 -0.0478941 0.6736293
1654683431.258868 -10.4173317 -0.8274128 4.6773729 -0.7348274 0.0643679 -0.0610815 0.6712899
1654683431.558998 -10.6934452 -0.2899642 4.8708563 -0.7342053 0.0763735 -0.0690834 0.6699864
1654683431.658874 -10.8545752 -0.1954577 4.9308133 -0.7339532 0.0806610 -0.0721698 0.6694294
1654683431.758749 -11.0126839 -0.1379180 4.9972181 -0.7338841 0.0851424 -0.0750758 0.6686245
1654683432.059004 -11.3579731 0.0538893 5.2903185 -0.7344525 0.0957573 -0.0841252 0.6655223
1654683432.359632 -11.7074127 0.2301424 5.5897031 -0.7347133 0.1063598 -0.0915953 0.6627503
1654683432.758759 -12.1003933 0.4799571 5.9498358 -0.7343307 0.1229264 -0.0952561 0.6599137
1654683432.858637 -12.2021847 0.5178633 6.0296545 -0.7351640 0.1230920 -0.1032970 0.6577339
1654683432.958513 -12.3214664 0.5463297 6.1281290 -0.7349322 0.1266046 -0.1042773 0.6571692
1654683433.157766 -12.4868793 0.6709106 6.3719244 -0.7338261 0.1302934 -0.1071510 0.6572955
1654683433.357517 -12.6271400 0.8262475 6.6196718 -0.7330611 0.1332977 -0.1102653 0.6571040
1654683433.557770 -12.7358103 1.0086551 6.8688388 -0.7329357 0.1358545 -0.1119205 0.6565114
1654683433.758771 -12.8089724 1.2177854 7.1172557 -0.7322603 0.1391455 -0.1150269 0.6561142
1654683433.859023 -12.8339214 1.3334827 7.2406912 -0.7320623 0.1406871 -0.1164274 0.6558271
1654683434.059650 -12.8681326 1.5834389 7.4882045 -0.7306925 0.1434866 -0.1197189 0.6562287
1654683434.259402 -12.8786201 1.8573978 7.7308364 -0.7307008 0.1465134 -0.1207754 0.6554263
1654683434.459031 -12.8581839 2.1531496 7.9679599 -0.7324204 0.1510017 -0.1231747 0.6521066
1654683434.558906 -12.8350210 2.3106825 8.0869865 -0.7337991 0.1538559 -0.1245459 0.6496962
