1654673721.685498 0.0880024 -0.4066419 0.0504908 -0.7176900 -0.0462641 0.0071261 0.6947359
1654673722.285130 0.0894073 -0.4417249 0.0690760 -0.7172444 -0.0470522 0.0070174 0.6951443
1654673724.385905 0.0948689 -0.5747491 0.1399960 -0.7159969 -0.0447043 0.0079406 0.6961144
1654673726.286676 0.0930463 -0.6051448 0.1531331 -0.7157977 -0.0457314 0.0080669 0.6962262
1654673727.386939 0.2001787 -0.5889885 0.1534594 -0.7162262 -0.0365290 -0.0013904 0.6963647
1654673730.087719 0.5278506 -0.5587034 0.1580139 -0.7169629 -0.0083286 -0.0271986 0.6960669
1654673731.488235 0.7125878 -0.5526383 0.1596460 -0.7171375 0.0076212 -0.0417322 0.6952181
1654673733.288381 0.7876990 -0.5526007 0.1613083 -0.7169040 0.0140193 -0.0469910 0.6950201
1654673735.587656 0.6730626 -0.5540075 0.1596760 -0.7170044 0.0043044 -0.0382996 0.6955840
1654673735.887411 0.6485427 -0.5528455 0.1584135 -0.7170464 0.0020436 -0.0366113 0.6955878
1654673738.886320 0.3251516 -0.5744166 0.1549567 -0.7168489 -0.0260194 -0.0110737 0.6962043
1654673740.486836 0.2073790 -0.5886808 0.1542253 -0.7165022 -0.0362633 -0.0016268 0.6961973
1654673743.187118 0.2015834 -0.6487190 0.1858591 -0.7162021 -0.0366944 -0.0009388 0.6965377
1654673745.686521 0.2013609 -0.7740639 0.2499878 -0.7150501 -0.0372704 0.0000616 0.6976929
1654673748.487303 0.2224437 -0.7712946 0.2492231 -0.7152656 -0.0352691 -0.0023991 0.6975699
1654673750.487575 0.3548680 -0.7548549 0.2490784 -0.7155653 -0.0229252 -0.0131255 0.6975445
1654673753.388358 0.6691457 -0.7341079 0.2528139 -0.7158793 0.0052476 -0.0395599 0.6966103
1654673756.289140 0.8470169 -0.7347526 0.2551156 -0.7157938 0.0214475 -0.0537220 0.6954834
1654673757.489404 0.8557545 -0.7368053 0.2548486 -0.7157824 0.0218957 -0.0545909 0.6954700
1654673757.989536 0.8568454 -0.7348962 0.2543788 -0.7158116 0.0213266 -0.0554749 0.6953298
1654673758.289788 0.8457649 -0.7339656 0.2540388 -0.7157595 0.0205547 -0.0549189 0.6954514
1654673760.888942 0.5345613 -0.7406485 0.2515039 -0.7161669 -0.0069642 -0.0287099 0.6968949
1654673763.490098 0.4880817 -0.7431400 0.2515700 -0.7160765 -0.0111870 -0.0248942 0.6970823
1654673766.489381 0.4743938 -0.8681957 0.3159074 -0.7154304 -0.0114541 -0.0233482 0.6977965
1654673768.989784 0.4769950 -1.1128361 0.4422457 -0.7140183 -0.0100783 -0.0233995 0.6993165
1654673770.089672 0.4720529 -1.2239209 0.4969024 -0.7135074 -0.0106435 -0.0236636 0.6998742
1654673770.890181 0.4689884 -1.3032749 0.5361983 -0.7131194 -0.0109972 -0.0236861 0.7002638
1654673771.489562 0.4620632 -1.3610278 0.5629339 -0.7126948 -0.0117179 -0.0231400 0.7006503
1654673773.689713 0.4620788 -1.5175302 0.6404374 -0.7122848 -0.0110672 -0.0242835 0.7010917
1654673774.289469 0.4569853 -1.5175660 0.6451891 -0.7118955 -0.0125602 -0.0236781 0.7014834
1654673775.189853 0.4565248 -1.4985386 0.7665933 -0.7033462 -0.0120660 -0.0234834 0.7100794
1654673775.489483 0.4578306 -1.4847856 0.8100376 -0.7022783 -0.0117461 -0.0238057 0.7111312
1654673775.789609 0.4553453 -1.4707354 0.8479812 -0.7021634 -0.0119608 -0.0240839 0.7112316
1654673777.289253 0.4545404 -1.3947734 1.0732447 -0.7003517 -0.0117237 -0.0256381 0.7129665
1654673777.589256 0.4534048 -1.3807396 1.1208451 -0.7000914 -0.0116002 -0.0257931 0.7132186
1654673777.889759 0.4549281 -1.3675795 1.1699916 -0.7000991 -0.0114860 -0.0262358 0.7132465
1654673778.189512 0.4539682 -1.3530229 1.2154604 -0.6999706 -0.0112780 -0.0265287 0.7133152
1654673778.689393 0.4526480 -1.3326942 1.2988023 -0.6997939 -0.0111481 -0.0269896 0.7134733
1654673778.889395 0.4520617 -1.3236402 1.3317260 -0.6997194 -0.0111505 -0.0271963 0.7134885
1654673779.588903 0.4495804 -1.2913896 1.4641334 -0.6997168 -0.0108554 -0.0281165 0.7133594
1654673779.888906 0.4485123 -1.2786620 1.5261401 -0.6997335 -0.0105298 -0.0285667 0.7133296
1654673780.489037 0.4473818 -1.2556131 1.6517749 -0.7001304 -0.0103145 -0.0293741 0.7129092
1654673780.689414 0.4483111 -1.2481232 1.6986097 -0.7003030 -0.0101718 -0.0297057 0.7127777
1654673780.989043 0.4470356 -1.2371819 1.7695051 -0.7003354 -0.0098595 -0.0299289 0.7127407
1654673782.889189 0.4411055 -1.1899816 2.1948283 -0.7027318 -0.0084338 -0.0332610 0.7102425
1654673783.589447 0.4397204 -1.1849053 2.3443789 -0.7035318 -0.0077297 -0.0341620 0.7093620
1654673786.088850 0.4326545 -1.2055361 2.8560324 -0.7067235 -0.0054864 -0.0374123 0.7060834
1654673787.188488 0.4302634 -1.2353123 3.0586696 -0.7080506 -0.0046691 -0.0384972 0.7047502
1654673789.987895 0.4265123 -1.2659497 3.2573831 -0.7112578 -0.0033504 -0.0406185 0.7013957
1654673791.588663 0.5502063 -1.2647507 3.2665489 -0.7100331 0.0088946 -0.0513052 0.7018825
1654673792.988804 0.7684368 -1.2638713 3.2651110 -0.7097710 0.0304636 -0.0718796 0.6997203
1654673795.687458 1.2391416 -1.3033102 3.2659974 -0.7061909 0.0768106 -0.1162079 0.6937782
1654673796.686969 1.4500575 -1.3428059 3.2701368 -0.7033486 0.0978091 -0.1356526 0.6905378
1654673799.387249 2.0781109 -1.5438102 3.2709839 -0.6916178 0.1615021 -0.1958120 0.6757977
1654673800.988018 2.4626031 -1.7302251 3.2687819 -0.6808153 0.2017339 -0.2337776 0.6636806
1654673801.688276 2.6230416 -1.8301855 3.2643182 -0.6752159 0.2197521 -0.2507477 0.6574432
1654673801.988281 2.6915996 -1.8752879 3.2623672 -0.6725533 0.2275095 -0.2580354 0.6547030
1654673802.487785 2.8083541 -1.9528799 3.2591584 -0.6681591 0.2401963 -0.2700264 0.6498072
1654673803.787298 3.0821476 -2.1763437 3.2552106 -0.6555239 0.2729161 -0.3005002 0.6362152
1654673804.287679 3.1862977 -2.2715073 3.2544119 -0.6502260 0.2858092 -0.3123285 0.6303465
1654673804.887311 3.3031712 -2.3869045 3.2542880 -0.6439175 0.3001109 -0.3255432 0.6234421
1654673805.486943 3.4184239 -2.5125077 3.2512283 -0.6368350 0.3150984 -0.3392186 0.6159766
1654673805.886822 3.4879704 -2.5965326 3.2499015 -0.6322572 0.3243544 -0.3477610 0.6111972
1654673806.087074 3.5247176 -2.6419694 3.2493505 -0.6298587 0.3292334 -0.3523358 0.6084353
1654673806.487204 3.5943174 -2.7342846 3.2487190 -0.6248769 0.3387624 -0.3609685 0.6032543
1654673806.687582 3.6254458 -2.7781882 3.2480757 -0.6224950 0.3436265 -0.3650779 0.6005861
1654673806.887459 3.6574907 -2.8231459 3.2479732 -0.6199444 0.3481951 -0.3692324 0.5980458
1654673807.087711 3.6918123 -2.8704214 3.2482457 -0.6172768 0.3531488 -0.3737012 0.5951152
1654673807.287587 3.7261114 -2.9181795 3.2479098 -0.6147532 0.3576316 -0.3780142 0.5923175
1654673807.487840 3.7596667 -2.9671874 3.2471852 -0.6121218 0.3622016 -0.3821565 0.5895999
1654673807.687717 3.7918718 -3.0169649 3.2453587 -0.6096724 0.3660728 -0.3862820 0.5870494
1654673807.888094 3.8208990 -3.0672140 3.2429922 -0.6069936 0.3705900 -0.3905025 0.5841896
1654673808.088347 3.8518515 -3.1198797 3.2418180 -0.6041883 0.3751061 -0.3947962 0.5813202
1654673808.288224 3.8820138 -3.1741593 3.2385583 -0.6012235 0.3791864 -0.3993186 0.5785368
1654673808.488601 3.9080920 -3.2251239 3.2388675 -0.5984765 0.3837468 -0.4035113 0.5754573
1654673808.688354 3.9351580 -3.2749004 3.2387514 -0.5956904 0.3880781 -0.4075595 0.5725801
1654673808.888731 3.9618907 -3.3254762 3.2379367 -0.5932203 0.3917753 -0.4116445 0.5696927
1654673809.088608 3.9874697 -3.3785710 3.2355268 -0.5903643 0.3958668 -0.4159124 0.5667201
1654673809.288861 4.0096245 -3.4371755 3.2331679 -0.5877396 0.3994180 -0.4199002 0.5640066
1654673809.488738 4.0354095 -3.4870772 3.2306726 -0.5845419 0.4040119 -0.4240655 0.5609306
1654673809.588864 4.0465622 -3.5131493 3.2308319 -0.5832905 0.4059480 -0.4261250 0.5593912
1654673809.788742 4.0716138 -3.5671787 3.2297540 -0.5806484 0.4096357 -0.4298331 0.5566049
1654673809.988118 4.0936890 -3.6198034 3.2297606 -0.5779262 0.4135244 -0.4338031 0.5534708
1654673810.287746 4.1268196 -3.7018681 3.2292678 -0.5734610 0.4197988 -0.4396337 0.5487673
1654673810.487623 4.1469707 -3.7541876 3.2286193 -0.5706269 0.4237448 -0.4434214 0.5456303
1654673810.687500 4.1655951 -3.8051262 3.2281501 -0.5676901 0.4277993 -0.4470250 0.5425777
1654673811.087631 4.2003407 -3.9055591 3.2279382 -0.5622017 0.4354561 -0.4538146 0.5366584
1654673811.387634 4.2284794 -3.9900360 3.2263649 -0.5577411 0.4408498 -0.4592164 0.5321579
1654673811.687638 4.2500982 -4.0632606 3.2258697 -0.5538986 0.4457843 -0.4635281 0.5283057
1654673813.987413 4.2858753 -4.1300402 3.2292178 -0.5507936 0.4502375 -0.4685701 0.5232970
1654673815.287426 4.3554807 -4.1205039 3.2424045 -0.5508932 0.4509443 -0.4678839 0.5233368
1654673815.987560 4.3726034 -4.1315041 3.2451897 -0.5493834 0.4531744 -0.4684299 0.5225094
1654673816.587441 4.3699698 -4.1216235 3.2456436 -0.5504519 0.4517354 -0.4676232 0.5233532
1654673817.087573 4.3709936 -4.1254272 3.2455521 -0.5501044 0.4519915 -0.4679697 0.5231873
1654673817.587452 4.3653564 -4.1296659 3.2657959 -0.5491304 0.4519281 -0.4689018 0.5234310
1654673818.087208 4.3562436 -4.1312428 3.3073082 -0.5496013 0.4518086 -0.4688335 0.5231009
1654673818.286961 4.3500714 -4.1314573 3.3329685 -0.5493048 0.4518471 -0.4688504 0.5233640
1654673818.487214 4.3386030 -4.1356716 3.3672698 -0.5488002 0.4515553 -0.4685758 0.5243921
1654673818.887342 4.3321586 -4.1361642 3.4099696 -0.5499977 0.4521630 -0.4686682 0.5225253
1654673819.186846 4.3168426 -4.1393557 3.4579153 -0.5490230 0.4517332 -0.4684879 0.5239437
1654673819.486723 4.3105950 -4.1379404 3.4895611 -0.5496532 0.4525698 -0.4687353 0.5223346
1654673819.787102 4.2959614 -4.1408052 3.5365551 -0.5491607 0.4523269 -0.4687186 0.5230795
1654673820.086981 4.2873712 -4.1436892 3.5729556 -0.5497159 0.4528511 -0.4687589 0.5220038
1654673820.387360 4.2744489 -4.1475883 3.6154816 -0.5492899 0.4530156 -0.4689215 0.5221643
1654673820.687237 4.2623072 -4.1512408 3.6577308 -0.5495105 0.4534085 -0.4687285 0.5217638
1654673821.386871 4.2332706 -4.1571622 3.7515109 -0.5494664 0.4539998 -0.4687724 0.5212572
1654673821.586622 4.2260361 -4.1586094 3.7734532 -0.5498760 0.4540352 -0.4688075 0.5209014
1654673821.886502 4.2143364 -4.1623292 3.8082435 -0.5499073 0.4541258 -0.4689269 0.5206814
1654673822.685385 4.2130609 -4.1651826 3.8221953 -0.5503232 0.4550470 -0.4680848 0.5201955
1654673823.884898 4.2086873 -4.1273122 3.8151982 -0.5533122 0.4525294 -0.4660912 0.5210092
1654673824.184901 4.1922483 -4.1006861 3.8273582 -0.5542126 0.4494470 -0.4635170 0.5248660
1654673824.384654 4.1949039 -4.0791378 3.8150868 -0.5561059 0.4490036 -0.4631359 0.5235739
1654673824.684533 4.1813235 -4.0544915 3.8231378 -0.5568617 0.4463370 -0.4611023 0.5268400
1654673824.884784 4.1754546 -4.0367665 3.8246472 -0.5580040 0.4450101 -0.4591940 0.5284208
1654673825.184663 4.1695738 -3.9913762 3.8145602 -0.5616575 0.4416979 -0.4567297 0.5294619
1654673825.484916 4.1443577 -3.9465344 3.8259699 -0.5634032 0.4377643 -0.4531239 0.5339596
1654673825.784795 4.1374350 -3.8997171 3.8144367 -0.5670815 0.4344986 -0.4504857 0.5349631
1654673826.084672 4.1129370 -3.8587937 3.8260169 -0.5687557 0.4303160 -0.4464548 0.5399300
1654673826.385051 4.0985413 -3.7980103 3.8152463 -0.5731645 0.4259881 -0.4430549 0.5414969
1654673826.584804 4.0814791 -3.7577984 3.8190084 -0.5748712 0.4224606 -0.4403175 0.5445476
1654673826.885056 4.0541997 -3.6961417 3.8174756 -0.5781505 0.4173658 -0.4361300 0.5483663
1654673827.085309 4.0417480 -3.6541235 3.8113122 -0.5805586 0.4144606 -0.4338228 0.5499809
1654673827.385561 4.0097151 -3.5968089 3.8189204 -0.5833693 0.4088251 -0.4290712 0.5549349
1654673827.885569 3.9627929 -3.4871972 3.8148260 -0.5897923 0.3999710 -0.4214624 0.5604061
1654673828.385699 3.9123282 -3.3775234 3.8118010 -0.5960185 0.3916021 -0.4134981 0.5656421
1654673828.685951 3.8756399 -3.3172741 3.8193538 -0.5988416 0.3861299 -0.4081880 0.5702653
1654673829.185957 3.8218000 -3.2091298 3.8177085 -0.6052169 0.3772258 -0.3997836 0.5753121
1654673829.485836 3.7845201 -3.1446321 3.8177593 -0.6086324 0.3719710 -0.3942162 0.5789653
1654673829.786088 3.7488368 -3.0818653 3.8163235 -0.6120999 0.3662982 -0.3885809 0.5827289
1654673830.086344 3.7082732 -3.0195487 3.8158655 -0.6150299 0.3606746 -0.3832919 0.5866470
1654673830.586348 3.6435461 -2.9141448 3.8188879 -0.6196420 0.3533783 -0.3741372 0.5921265
1654673831.086729 3.5804222 -2.8145468 3.8127291 -0.6243936 0.3454989 -0.3650571 0.5974364
1654673831.386981 3.5442560 -2.7508183 3.8124444 -0.6274051 0.3400639 -0.3594770 0.6006745
1654673831.886987 3.4677029 -2.6655166 3.8143542 -0.6322946 0.3303751 -0.3509034 0.6060076
1654673832.387243 3.4004469 -2.5793746 3.8122411 -0.6372972 0.3208135 -0.3420572 0.6109485
1654673832.986500 3.3131862 -2.4741464 3.8124146 -0.6429228 0.3095986 -0.3313749 0.6168063
1654673833.486880 3.2416801 -2.3946440 3.8153198 -0.6475577 0.3000029 -0.3225198 0.6213815
1654673833.786634 3.1975985 -2.3478496 3.8155732 -0.6498562 0.2942273 -0.3169895 0.6244910
1654673834.486767 3.0902042 -2.2496443 3.8154778 -0.6553253 0.2815781 -0.3052747 0.6304247
1654673835.687155 2.9152770 -2.0959797 3.8156271 -0.6640595 0.2603607 -0.2853211 0.6396967
1654673836.487663 2.7878730 -1.9965165 3.8145304 -0.6696755 0.2453055 -0.2716509 0.6456393
1654673837.187670 2.6782377 -1.9209789 3.8162708 -0.6740833 0.2330396 -0.2600203 0.6504601
1654673837.487425 2.6256025 -1.8863707 3.8145249 -0.6759706 0.2271270 -0.2548309 0.6526463
1654673838.287184 2.4952657 -1.8086069 3.8156490 -0.6805561 0.2128049 -0.2415457 0.6577487
1654673838.587312 2.4430413 -1.7781252 3.8154471 -0.6824093 0.2071001 -0.2362019 0.6595908
1654673839.187194 2.3430929 -1.7227966 3.8145094 -0.6855898 0.1960861 -0.2259036 0.6632625
1654673839.687575 2.2577412 -1.6827633 3.8149295 -0.6880580 0.1868444 -0.2174346 0.6661271
1654673842.485730 1.8655244 -1.5166860 3.8131831 -0.6980862 0.1450782 -0.1787726 0.6775979
1654673844.386751 1.7419235 -1.4752469 3.8145034 -0.7005783 0.1323976 -0.1665565 0.6808046
1654673845.987144 1.7502877 -1.4163702 3.6471684 -0.7025567 0.1303348 -0.1641819 0.6797390
1654673846.987656 1.7675351 -1.3833812 3.5214317 -0.7021685 0.1299638 -0.1638761 0.6802855
1654673847.587413 1.7763606 -1.3663092 3.4471407 -0.7015908 0.1298961 -0.1635527 0.6809728
1654673848.087667 1.7775614 -1.3533237 3.3885763 -0.7012613 0.1289912 -0.1633412 0.6815353
1654673850.787698 1.7893419 -1.3218991 3.2182450 -0.6997179 0.1275208 -0.1629298 0.6834964
1654673851.887835 1.7528745 -1.3124748 3.2226841 -0.6997756 0.1241131 -0.1594316 0.6848904
1654673852.388091 1.6791847 -1.2909920 3.2208323 -0.7012183 0.1165395 -0.1524476 0.6863371
1654673853.388602 1.5563532 -1.2584451 3.2167947 -0.7033454 0.1042912 -0.1422483 0.6883220
1654673854.988495 1.3466218 -1.2152746 3.2204027 -0.7057713 0.0844095 -0.1222000 0.6924129
1654673855.588001 1.2560332 -1.1999545 3.2189806 -0.7067734 0.0757699 -0.1140350 0.6937231
1654673856.187884 1.1638310 -1.1869031 3.2172179 -0.7076879 0.0669818 -0.1057167 0.6949545
1654673858.986789 0.7236676 -1.1539019 3.2125158 -0.7108895 0.0244948 -0.0659222 0.6994653
1654673861.587193 0.3244823 -1.1723253 3.2087426 -0.7113840 -0.0134169 -0.0293380 0.7017169
1654673863.187961 0.0819113 -1.2042480 3.2087631 -0.7107439 -0.0369330 -0.0073189 0.7021620
1654673864.487349 0.0214788 -1.2118068 3.2079935 -0.7104678 -0.0417553 -0.0016776 0.7021602
1654673864.887104 -0.0064304 -1.2188824 3.2066319 -0.7103202 -0.0453886 0.0008228 0.7020870
1654673866.086868 -0.0062141 -1.1843649 3.0618923 -0.7117637 -0.0461193 0.0005438 0.7005743
1654673867.286881 -0.0025703 -1.1657037 2.8851078 -0.7101230 -0.0463767 0.0023054 0.7022197
1654673867.686635 0.0046154 -1.1557168 2.8183792 -0.7096891 -0.0461311 0.0017852 0.7026761
1654673868.086890 -0.0031078 -1.1481689 2.7470322 -0.7099355 -0.0472780 0.0021564 0.7022999
1654673868.387018 0.0044685 -1.1465527 2.7037408 -0.7089118 -0.0463404 0.0030938 0.7033942
1654673869.187402 0.0028159 -1.1387801 2.5671751 -0.7080778 -0.0472507 0.0035924 0.7041230
1654673870.487166 0.0042924 -1.1374023 2.3395462 -0.7068570 -0.0484211 0.0051402 0.7052135
1654673871.286675 0.0080081 -1.1393083 2.1949456 -0.7064109 -0.0491343 0.0055132 0.7056581
1654673871.786931 0.0108302 -1.1455359 2.1076841 -0.7057438 -0.0491838 0.0064083 0.7063160
1654673872.486814 0.0122030 -1.1565260 1.9787732 -0.7050944 -0.0496136 0.0071883 0.7068800
1654673872.786567 0.0160054 -1.1610692 1.9257753 -0.7046651 -0.0498112 0.0077330 0.7073377
1654673873.086695 0.0164200 -1.1667372 1.8684404 -0.7045330 -0.0502431 0.0080665 0.7074354
1654673873.386823 0.0187632 -1.1740626 1.8127176 -0.7041724 -0.0502736 0.0084215 0.7077888
1654673873.886703 0.0215302 -1.1872753 1.7170720 -0.7039747 -0.0506370 0.0091661 0.7079511
1654673874.186458 0.0234723 -1.1966230 1.6598830 -0.7035559 -0.0505859 0.0095857 0.7083186
1654673874.486586 0.0272917 -1.2050240 1.6014360 -0.7036846 -0.0509427 0.0098413 0.7082093
1654673874.886840 0.0301514 -1.2199361 1.5233898 -0.7035820 -0.0511450 0.0106008 0.7082863
1654673875.186968 0.0318692 -1.2309296 1.4628406 -0.7037256 -0.0511696 0.0109399 0.7080892
1654673875.486222 0.0345619 -1.2432576 1.4017166 -0.7039433 -0.0514807 0.0114061 0.7078429
1654673875.986478 0.0380124 -1.2653216 1.2982464 -0.7045090 -0.0516002 0.0119099 0.7072624
1654673876.286606 0.0421239 -1.2791092 1.2351708 -0.7051553 -0.0520806 0.0120585 0.7066273
1654673876.586858 0.0453699 -1.2941530 1.1721214 -0.7056143 -0.0522060 0.0125632 0.7061504
1654673877.086240 0.0510575 -1.3244241 1.0651927 -0.7060229 -0.0524661 0.0132291 0.7056624
1654673877.385993 0.0530121 -1.3444226 0.9999979 -0.7064870 -0.0527140 0.0135986 0.7052197
1654673877.886373 0.0591996 -1.3712206 0.9103884 -0.7070533 -0.0526939 0.0142896 0.7045913
1654673878.286504 0.0626428 -1.3923733 0.8416209 -0.7078835 -0.0529546 0.0148156 0.7036774
1654673881.086534 0.0753634 -1.4807230 0.5977088 -0.7114292 -0.0530726 0.0160057 0.7001501
1654673883.686937 0.0779820 -1.4741842 0.5755771 -0.7125754 -0.0523809 0.0162558 0.6990775
1654673883.986690 0.0740722 -1.4600669 0.5602959 -0.7128975 -0.0534582 0.0155189 0.6986336
1654673884.386570 0.0724795 -1.4356031 0.5490209 -0.7131729 -0.0535502 0.0158291 0.6983880
1654673885.487207 0.0669493 -1.3482943 0.5118008 -0.7129112 -0.0526441 0.0166214 0.6987063
1654673886.287341 0.0600931 -1.2779472 0.4675594 -0.7138601 -0.0534721 0.0160306 0.6976860
1654673886.687221 0.0581703 -1.2402569 0.4571258 -0.7133324 -0.0523748 0.0166316 0.6982960
1654673888.287113 0.0408246 -1.0762378 0.3624468 -0.7148474 -0.0540075 0.0157664 0.6966876
1654673888.786618 0.0344941 -1.0232635 0.3394079 -0.7148761 -0.0537901 0.0160987 0.6966677
1654673889.186873 0.0325377 -0.9796136 0.3182205 -0.7150137 -0.0534990 0.0161578 0.6965473
1654673889.486627 0.0299267 -0.9475471 0.3008988 -0.7153869 -0.0533569 0.0161390 0.6962252
1654673889.886507 0.0256255 -0.9048116 0.2784144 -0.7154390 -0.0534748 0.0161608 0.6961620
1654673890.286886 0.0215308 -0.8615605 0.2523989 -0.7159598 -0.0538305 0.0161513 0.6955987
1654673890.886518 0.0125889 -0.7936648 0.2174495 -0.7161096 -0.0545169 0.0159376 0.6953958
1654673891.286772 0.0080827 -0.7479197 0.1933906 -0.7162650 -0.0546784 0.0157748 0.6952769
1654673891.687026 0.0042957 -0.7028942 0.1657909 -0.7167919 -0.0549596 0.0155711 0.6947155
1654673892.086905 0.0016610 -0.6561277 0.1466131 -0.7166211 -0.0544027 0.0158231 0.6949300
1654673892.486411 -0.0029705 -0.6130728 0.1168346 -0.7173499 -0.0549287 0.0155812 0.6941411
1654673892.786664 -0.0029259 -0.5781791 0.1043872 -0.7174252 -0.0536764 0.0158794 0.6942052
1654673893.286669 -0.0071196 -0.5248463 0.0698152 -0.7182063 -0.0540459 0.0154166 0.6933783
1654673893.786550 -0.0157915 -0.4764833 0.0469236 -0.7180119 -0.0548091 0.0156551 0.6935145
1654673894.186429 -0.0183079 -0.4410498 0.0235825 -0.7185802 -0.0550087 0.0153695 0.6929157
1654673894.686435 -0.0166551 -0.3969213 0.0034442 -0.7188818 -0.0532075 0.0157992 0.6927338
1654673895.086689 -0.0150968 -0.3640072 -0.0091700 -0.7191351 -0.0513779 0.0167339 0.6926382
1654673895.486568 -0.0143457 -0.3362605 -0.0206446 -0.7194962 -0.0505042 0.0192216 0.6922632
1654673895.886949 -0.0086166 -0.3135944 -0.0236264 -0.7194045 -0.0501502 0.0240907 0.6922330
1654673896.387330 -0.0060424 -0.2947305 -0.0237136 -0.7187133 -0.0489619 0.0254200 0.6929888
1654673896.986959 -0.0058009 -0.2960010 -0.0240255 -0.7184451 -0.0487567 0.0252094 0.6932892
1654673897.486967 -0.0052980 -0.2947772 -0.0238968 -0.7187379 -0.0488313 0.0252124 0.6930304
