1654686087.787182 -0.0245515 -0.5721881 0.1535939 -0.7262172 -0.0440051 -0.0083832 0.6859493
1654686088.785192 0.0689469 -0.5614575 0.1555792 -0.7265977 -0.0375069 -0.0145884 0.6858278
1654686089.381448 0.1346216 -0.5534574 0.1548062 -0.7262104 -0.0321808 -0.0190624 0.6859456
1654686092.279107 0.5099000 -0.5330169 0.1653176 -0.7261364 -0.0054855 -0.0440884 0.6857294
1654686092.579360 0.5504511 -0.5323026 0.1667871 -0.7260232 -0.0025393 -0.0469508 0.6856748
1654686092.979239 0.5999178 -0.5331083 0.1684493 -0.7261003 0.0011447 -0.0497863 0.6854544
1654686093.579621 0.6792475 -0.5348166 0.1714888 -0.7260065 0.0065454 -0.0554274 0.6851473
1654686093.879625 0.7023888 -0.5337397 0.1709529 -0.7259844 0.0077150 -0.0576328 0.6849756
1654686094.478507 0.6620767 -0.5346330 0.1716481 -0.7259555 0.0055794 -0.0532802 0.6853211
1654686094.778508 0.6646641 -0.5330245 0.1710044 -0.7259660 0.0058185 -0.0541535 0.6851788
1654686097.580790 0.3127257 -0.5414557 0.1582740 -0.7264669 -0.0199860 -0.0316817 0.6858028
1654686100.482821 0.2441831 -0.5708958 0.1726348 -0.7261087 -0.0242323 -0.0272739 0.6861809
1654686101.784961 0.2354369 -0.6762246 0.2294137 -0.7257517 -0.0253975 -0.0270017 0.6865852
1654686104.288990 0.2289392 -0.8934425 0.3521028 -0.7246709 -0.0247104 -0.0258979 0.6877956
1654686107.288647 0.4816917 -0.8922709 0.3646727 -0.7244675 -0.0049839 -0.0449217 0.6874436
1654686108.188282 0.5975148 -0.8902316 0.3681950 -0.7242767 0.0037381 -0.0529061 0.6870191
1654686109.287169 0.6583279 -0.8908904 0.3699440 -0.7242352 0.0085660 -0.0575517 0.6867024
1654686109.686549 0.6516751 -0.8910922 0.3693415 -0.7241648 0.0081323 -0.0562926 0.6868873
1654686109.986053 0.6464052 -0.8867555 0.3671392 -0.7240636 0.0070376 -0.0578489 0.6867553
1654686112.886460 0.2241442 -0.9043610 0.3557314 -0.7248406 -0.0249808 -0.0259812 0.6875467
1654686115.687865 0.1991018 -1.0411801 0.4304231 -0.7241946 -0.0270113 -0.0242095 0.6882739
1654686116.789377 0.2023784 -1.1750909 0.5069491 -0.7237289 -0.0259277 -0.0235728 0.6888852
1654686117.490636 0.2028527 -1.2613871 0.5526825 -0.7231928 -0.0254579 -0.0239601 0.6893958
1654686117.791515 0.1972428 -1.3016160 0.5735855 -0.7231639 -0.0262170 -0.0235571 0.6894683
1654686118.092017 0.2018000 -1.3389329 0.5937978 -0.7229868 -0.0259951 -0.0245095 0.6896287
1654686118.993777 0.1980329 -1.4549693 0.6561514 -0.7226622 -0.0266168 -0.0245530 0.6900001
1654686120.044914 0.1989371 -1.5854785 0.7267600 -0.7221288 -0.0260967 -0.0245483 0.6905788
1654686120.644670 0.1912222 -1.6679951 0.7675146 -0.7216858 -0.0268218 -0.0243471 0.6910214
1654686121.543931 0.1892824 -1.7718339 0.8236967 -0.7214563 -0.0274742 -0.0244021 0.6912895
1654686121.843935 0.1918886 -1.8023107 0.8384295 -0.7210594 -0.0270445 -0.0246084 0.6916579
1654686122.593569 0.1906547 -1.8374550 0.8582323 -0.7211449 -0.0265516 -0.0245167 0.6915911
1654686123.043948 0.1890332 -1.8377489 0.8589513 -0.7210553 -0.0268886 -0.0240918 0.6916866
1654686123.943833 0.1841945 -1.8358338 0.8651347 -0.7208059 -0.0286765 -0.0249732 0.6918433
1654686124.243962 0.1817715 -1.8197963 0.9557848 -0.7143798 -0.0269656 -0.0240362 0.6984771
1654686124.543215 0.1775314 -1.7931652 1.0355759 -0.7121875 -0.0273174 -0.0245262 0.7006842
1654686124.843343 0.1754762 -1.7636290 1.1169047 -0.7112104 -0.0270800 -0.0249631 0.7016708
1654686125.143471 0.1707324 -1.7335789 1.2022473 -0.7095029 -0.0268801 -0.0253757 0.7033399
1654686125.443475 0.1673745 -1.7049239 1.2780476 -0.7094256 -0.0273934 -0.0261691 0.7033685
1654686125.743351 0.1649364 -1.6776996 1.3650938 -0.7085658 -0.0268676 -0.0264614 0.7042452
1654686126.042606 0.1601984 -1.6512854 1.4401226 -0.7087780 -0.0272340 -0.0271540 0.7039904
1654686126.342359 0.1592015 -1.6279244 1.5230795 -0.7083045 -0.0267885 -0.0274478 0.7044728
1654686126.492110 0.1582719 -1.6165179 1.5619427 -0.7085327 -0.0270627 -0.0278583 0.7042685
1654686127.241493 0.1513422 -1.5634532 1.7442313 -0.7084887 -0.0267354 -0.0292349 0.7042686
1654686127.640999 0.1465617 -1.5402812 1.8398253 -0.7083094 -0.0263965 -0.0296342 0.7043927
1654686127.840750 0.1450820 -1.5299723 1.8878552 -0.7086179 -0.0263948 -0.0301706 0.7041112
1654686128.040752 0.1428481 -1.5200598 1.9353004 -0.7086546 -0.0262065 -0.0303809 0.7040722
1654686128.439757 0.1393010 -1.5017304 2.0290074 -0.7089136 -0.0259674 -0.0309721 0.7037938
1654686128.738886 0.1364119 -1.4897578 2.0985653 -0.7091491 -0.0258154 -0.0314202 0.7035418
1654686129.137639 0.1331497 -1.4748666 2.1897557 -0.7095354 -0.0256785 -0.0321031 0.7031253
1654686129.337268 0.1319271 -1.4685549 2.2333524 -0.7096028 -0.0253751 -0.0321774 0.7030118
1654686129.735646 0.1280209 -1.4569783 2.3258939 -0.7101024 -0.0251279 -0.0327850 0.7025401
1654686129.934899 0.1262459 -1.4515946 2.3711123 -0.7102790 -0.0250021 -0.0330849 0.7023514
1654686130.233902 0.1239472 -1.4438269 2.4380364 -0.7106106 -0.0248415 -0.0336458 0.7019942
1654686130.433404 0.1224309 -1.4393888 2.4824750 -0.7108516 -0.0246293 -0.0339301 0.7017434
1654686130.832534 0.1192799 -1.4317600 2.5712669 -0.7112787 -0.0243267 -0.0343741 0.7012985
1654686131.530791 0.1146054 -1.4235519 2.7239196 -0.7122157 -0.0237585 -0.0351761 0.7003249
1654686131.730544 0.1131677 -1.4232244 2.7677462 -0.7124697 -0.0236010 -0.0354927 0.7000554
1654686132.429927 0.1077634 -1.4216176 2.9186130 -0.7133382 -0.0229773 -0.0364743 0.6991389
1654686132.629803 0.1064514 -1.4216201 2.9612498 -0.7135723 -0.0229764 -0.0366907 0.6988881
1654686133.029433 0.1040835 -1.4206595 3.0445411 -0.7140180 -0.0226414 -0.0372414 0.6984135
1654686133.428437 0.1010778 -1.4226357 3.1257813 -0.7143567 -0.0221391 -0.0376394 0.6979513
1654686136.323595 0.0919315 -1.4431288 3.4914846 -0.7183816 -0.0202636 -0.0402108 0.6937677
1654686138.223490 0.1705306 -1.4408517 3.5017543 -0.7177674 -0.0133441 -0.0461877 0.6942518
1654686138.723870 0.2291856 -1.4317429 3.4983370 -0.7182665 -0.0080373 -0.0521957 0.6933863
1654686139.223751 0.2912391 -1.4279586 3.4988744 -0.7182814 -0.0025539 -0.0575724 0.6929834
1654686140.123636 0.4204931 -1.4305567 3.5112808 -0.7170140 0.0091880 -0.0678547 0.6933036
1654686140.323513 0.4526944 -1.4282163 3.5067019 -0.7174231 0.0121370 -0.0715413 0.6924604
1654686141.023521 0.5780166 -1.4295568 3.5101187 -0.7170175 0.0231832 -0.0825245 0.6914295
1654686141.723654 0.7105107 -1.4383529 3.5160174 -0.7159280 0.0350752 -0.0940814 0.6905125
1654686142.123533 0.7941626 -1.4463918 3.5182159 -0.7152578 0.0426122 -0.1013254 0.6897529
1654686142.623663 0.8980150 -1.4582121 3.5247502 -0.7141100 0.0521245 -0.1102742 0.6889102
1654686142.923917 0.9632400 -1.4647946 3.5251639 -0.7136602 0.0579703 -0.1160439 0.6879567
1654686143.625299 1.1319761 -1.4930668 3.5326076 -0.7115769 0.0730903 -0.1303332 0.6861039
1654686144.226306 1.2799258 -1.5190241 3.5369205 -0.7096296 0.0863521 -0.1429526 0.6839873
1654686145.228317 1.5280963 -1.5745074 3.5413392 -0.7059605 0.1089292 -0.1650285 0.6795591
1654686145.528820 1.5993105 -1.5995339 3.5469942 -0.7045957 0.1154369 -0.1711659 0.6784486
1654686145.829449 1.6723815 -1.6227391 3.5487289 -0.7035558 0.1220340 -0.1777726 0.6767390
1654686146.029701 1.7209756 -1.6397154 3.5520494 -0.7023406 0.1265994 -0.1817895 0.6760935
1654686146.330329 1.7913144 -1.6610963 3.5524142 -0.7011821 0.1331460 -0.1883443 0.6742371
1654686146.930835 1.9323449 -1.7175095 3.5579209 -0.6980899 0.1462655 -0.2008156 0.6710381
1654686147.230966 2.0038931 -1.7465568 3.5627105 -0.6962725 0.1532661 -0.2071553 0.6694305
1654686147.531467 2.0713451 -1.7794428 3.5631661 -0.6946641 0.1599185 -0.2135538 0.6674500
1654686147.932471 2.1631904 -1.8184525 3.5668809 -0.6923246 0.1683661 -0.2216957 0.6651378
1654686149.235362 2.4533644 -1.9782262 3.5787706 -0.6841100 0.1965914 -0.2483246 0.6564051
1654686149.736742 2.5680497 -2.0511775 3.5859003 -0.6805687 0.2074704 -0.2584523 0.6528094
1654686150.037620 2.6365368 -2.0904839 3.5890820 -0.6782855 0.2139038 -0.2644093 0.6507155
1654686150.338624 2.7007515 -2.1319172 3.5907063 -0.6762694 0.2200564 -0.2704215 0.6482811
1654686150.639877 2.7679937 -2.1779945 3.5931742 -0.6737098 0.2267282 -0.2762703 0.6460856
1654686151.142508 2.8753796 -2.2514775 3.5987468 -0.6699298 0.2374743 -0.2862256 0.6418856
1654686151.744889 2.9993372 -2.3506341 3.6028051 -0.6649725 0.2499584 -0.2977664 0.6370206
1654686152.799776 3.2069461 -2.5297372 3.6123066 -0.6558915 0.2718051 -0.3181602 0.6275368
1654686153.101154 3.2700331 -2.5800376 3.6180964 -0.6531335 0.2782476 -0.3237340 0.6247265
1654686153.402781 3.3276057 -2.6343741 3.6227355 -0.6505539 0.2844117 -0.3293556 0.6217888
1654686153.704411 3.3833425 -2.6902153 3.6241968 -0.6475393 0.2906083 -0.3349578 0.6189673
1654686154.308542 3.4868860 -2.8053424 3.6266191 -0.6416335 0.3027377 -0.3460924 0.6131377
1654686154.610795 3.5344689 -2.8636971 3.6277099 -0.6386374 0.3089399 -0.3516954 0.6100736
1654686154.913173 3.5822797 -2.9237475 3.6266842 -0.6352599 0.3150273 -0.3574289 0.6070378
1654686155.215552 3.6250281 -2.9841583 3.6262469 -0.6320669 0.3209642 -0.3628109 0.6040541
1654686155.820935 3.7108335 -3.1169806 3.6268651 -0.6254477 0.3329253 -0.3740965 0.5975387
1654686156.123188 3.7515869 -3.1826360 3.6268470 -0.6221712 0.3386376 -0.3794876 0.5943344
1654686156.425441 3.7915354 -3.2490079 3.6269934 -0.6187833 0.3443253 -0.3847575 0.5912000
1654686156.576566 3.8174031 -3.2843535 3.6263447 -0.6172003 0.3469574 -0.3875091 0.5895140
1654686156.879195 3.8633051 -3.3490210 3.6294353 -0.6137788 0.3530013 -0.3927717 0.5859967
1654686157.180948 3.9044313 -3.4172411 3.6318774 -0.6103753 0.3588116 -0.3980215 0.5825790
1654686157.482702 3.9440196 -3.4863992 3.6326554 -0.6069981 0.3643489 -0.4032786 0.5790378
1654686157.633703 3.9621043 -3.5210233 3.6342108 -0.6053596 0.3670815 -0.4057675 0.5774024
1654686157.935081 4.0006623 -3.5934193 3.6347473 -0.6018679 0.3725066 -0.4111068 0.5737836
1654686158.085958 4.0195627 -3.6299586 3.6355181 -0.6000719 0.3752643 -0.4138207 0.5719131
1654686158.387213 4.0568075 -3.7017362 3.6365020 -0.5962554 0.3810156 -0.4189511 0.5683519
1654686158.688216 4.0934992 -3.7709813 3.6379402 -0.5926518 0.3865895 -0.4240383 0.5645663
1654686158.988969 4.1279736 -3.8460238 3.6387587 -0.5887795 0.3921388 -0.4290766 0.5608413
1654686159.289222 4.1601305 -3.9223511 3.6398368 -0.5847510 0.3980585 -0.4341188 0.5569854
1654686159.438973 4.1750898 -3.9603181 3.6404178 -0.5828022 0.4006510 -0.4367289 0.5551217
1654686159.589099 4.1897120 -3.9992557 3.6405361 -0.5809736 0.4032002 -0.4392433 0.5532046
1654686159.888978 4.2140160 -4.0748620 3.6406963 -0.5767990 0.4088046 -0.4441834 0.5494969
1654686160.188857 4.2348866 -4.1532135 3.6405778 -0.5728478 0.4138865 -0.4494440 0.5455264
1654686160.489610 4.2627463 -4.2362514 3.6421638 -0.5685113 0.4196605 -0.4543911 0.5415306
1654686160.639612 4.2725720 -4.2737527 3.6437583 -0.5666686 0.4223028 -0.4568489 0.5394690
1654686160.789988 4.2825432 -4.3146749 3.6433561 -0.5647615 0.4248427 -0.4593905 0.5373078
1654686161.090116 4.3027329 -4.3945804 3.6440933 -0.5605844 0.4301543 -0.4640912 0.5333959
1654686161.240494 4.3118787 -4.4380670 3.6451702 -0.5588452 0.4324011 -0.4664131 0.5315148
1654686161.391246 4.3212442 -4.4795794 3.6453943 -0.5565180 0.4353946 -0.4688982 0.5293188
1654686161.591872 4.3337049 -4.5392303 3.6463721 -0.5536836 0.4389871 -0.4718312 0.5267080
1654686161.792249 4.3477826 -4.5961051 3.6469393 -0.5511670 0.4420841 -0.4749729 0.5239239
1654686161.993127 4.3658652 -4.6503792 3.6480157 -0.5482285 0.4457819 -0.4779614 0.5211454
1654686162.193378 4.3804207 -4.7033300 3.6498802 -0.5454163 0.4494072 -0.4810793 0.5181007
1654686162.394006 4.3896437 -4.7673779 3.6500628 -0.5430877 0.4522081 -0.4838679 0.5156527
1654686162.594758 4.3999815 -4.8296280 3.6505361 -0.5403330 0.4554334 -0.4869506 0.5127947
1654686162.795635 4.4110937 -4.8899865 3.6499221 -0.5370571 0.4589756 -0.4898139 0.5101910
1654686162.996263 4.4205217 -4.9484596 3.6508687 -0.5344163 0.4619920 -0.4927668 0.5073863
1654686163.196640 4.4302883 -5.0082130 3.6515281 -0.5314301 0.4654638 -0.4954551 0.5047212
1654686163.396517 4.4400678 -5.0710340 3.6512489 -0.5283309 0.4686978 -0.4983308 0.5019850
1654686163.596770 4.4477501 -5.1342783 3.6514142 0.5261943 -0.4721402 0.5011893 -0.4984154
1654686163.797147 4.4534721 -5.1992350 3.6521349 0.5233889 -0.4752118 0.5041103 -0.4956034
1654686163.997024 4.4660606 -5.2647181 3.6520503 0.5205205 -0.4783782 0.5068598 -0.4926536
1654686164.196527 4.4802542 -5.3230586 3.6528389 0.5173776 -0.4819734 0.5098137 -0.4892893
1654686164.396028 4.4895458 -5.3824768 3.6539309 0.5144498 -0.4852094 0.5123807 -0.4864877
1654686164.596405 4.4974079 -5.4462490 3.6534178 0.5117180 -0.4880186 0.5150673 -0.4846666
1654686164.796283 4.5015130 -5.5079112 3.6542149 0.5086613 -0.4912256 0.5178211 -0.4816638
1654686164.995909 4.5066643 -5.5714312 3.6539268 0.5056483 -0.4942971 0.5205966 -0.4786843
1654686165.195538 4.5120935 -5.6372881 3.6531422 0.5027932 -0.4970804 0.5233811 -0.4757820
1654686165.394913 4.5212445 -5.6955652 3.6562865 0.4995983 -0.5006292 0.5259389 -0.4725873
1654686165.593666 4.5253658 -5.7537985 3.6569290 0.4964992 -0.5038009 0.5286086 -0.4694841
1654686165.792294 4.5268927 -5.8134861 3.6571662 0.4934588 -0.5067379 0.5313637 -0.4663979
1654686165.991296 4.5276117 -5.8771176 3.6561055 0.4903317 -0.5098295 0.5338967 -0.4634362
1654686166.189923 4.5255923 -5.9386473 3.6574769 0.4871540 -0.5128701 0.5364966 -0.4603907
1654686166.487551 4.5280285 -6.0331955 3.6601064 0.4823222 -0.5176546 0.5402681 -0.4556938
1654686166.635929 4.5257363 -6.0797596 3.6606703 0.4800527 -0.5197883 0.5421264 -0.4534239
1654686166.785054 4.5236158 -6.1280079 3.6605754 0.4778574 -0.5218534 0.5440422 -0.4510658
1654686167.083432 4.5174117 -6.2245245 3.6606302 0.4730831 -0.5261745 0.5476532 -0.4466740
1654686167.381937 4.5115256 -6.3249693 3.6577332 0.4682859 -0.5304024 0.5512814 -0.4422447
1654686167.530688 4.5081878 -6.3695979 3.6590362 0.4657473 -0.5327018 0.5531636 -0.4397838
1654686167.679564 4.5074987 -6.4165788 3.6589046 0.4633169 -0.5349591 0.5551383 -0.4371209
1654686167.977319 4.4983711 -6.5108652 3.6592293 0.4583734 -0.5393034 0.5587154 -0.4323966
1654686168.126070 4.4918299 -6.5580382 3.6589634 0.4558699 -0.5414565 0.5605535 -0.4299600
1654686168.423197 4.4751816 -6.6555285 3.6535237 0.4510718 -0.5452230 0.5642225 -0.4254331
1654686168.572200 4.4725456 -6.6938896 3.6556253 0.4484766 -0.5475261 0.5661455 -0.4226372
1654686168.869203 4.4528980 -6.7925887 3.6521587 0.4435734 -0.5514013 0.5695393 -0.4181905
1654686169.017455 4.4483099 -6.8297992 3.6530535 0.4410288 -0.5535784 0.5716064 -0.4151584
1654686169.165832 4.4402232 -6.8690128 3.6537781 0.4385227 -0.5557214 0.5734519 -0.4123817
1654686169.462333 4.4118428 -6.9725704 3.6471756 0.4329364 -0.5596876 0.5767956 -0.4082291
1654686169.758713 4.3924451 -7.0566778 3.6449730 0.4273924 -0.5640205 0.5805215 -0.4027707
1654686170.055216 4.3567424 -7.1560788 3.6424580 0.4221931 -0.5678245 0.5838438 -0.3980604
1654686170.351594 4.3336601 -7.2436824 3.6414976 0.4167647 -0.5721076 0.5874276 -0.3923126
1654686170.648222 4.2952571 -7.3374872 3.6420071 0.4113750 -0.5760237 0.5907959 -0.3871618
1654686170.796598 4.2809820 -7.3969097 3.6347651 0.4085474 -0.5777317 0.5923492 -0.3852229
1654686171.092977 4.2452712 -7.4913073 3.6365223 0.4036458 -0.5815451 0.5956412 -0.3795165
1654686171.241605 4.2264957 -7.5559392 3.6312313 0.4012461 -0.5830854 0.5972166 -0.3772056
1654686171.389854 4.2059422 -7.6063719 3.6314819 0.3987335 -0.5849362 0.5988453 -0.3744029
1654686171.587233 4.1748285 -7.6938944 3.6279294 0.3954549 -0.5871840 0.6008260 -0.3711454
1654686171.686109 4.1603451 -7.7246590 3.6295013 0.3937564 -0.5884303 0.6019486 -0.3691554
1654686172.083987 4.0878878 -7.8937445 3.6266620 0.3875827 -0.5928804 0.6061105 -0.3616507
1654686172.183490 4.0672121 -7.9317722 3.6278830 0.3862684 -0.5938737 0.6071591 -0.3596690
1654686172.382491 4.0219440 -8.0277309 3.6223998 0.3830433 -0.5959173 0.6090319 -0.3565341
1654686172.581743 3.9826074 -8.1016531 3.6250961 0.3797690 -0.5982354 0.6109866 -0.3527933
1654686172.780872 3.9342239 -8.1889591 3.6243033 0.3767678 -0.6002737 0.6129000 -0.3491858
1654686172.980247 3.8963645 -8.2595110 3.6253195 0.3734452 -0.6025116 0.6148492 -0.3454442
1654686173.379003 3.8100882 -8.4161596 3.6236467 0.3673542 -0.6064644 0.6184661 -0.3385097
1654686173.777756 3.6906369 -8.5790443 3.6232164 0.3615442 -0.6102181 0.6218667 -0.3316946
1654686173.977134 3.6477637 -8.6524410 3.6231098 0.3581885 -0.6122382 0.6237459 -0.3280712
1654686174.176635 3.5923636 -8.7481136 3.6164756 0.3551318 -0.6140110 0.6254761 -0.3247350
1654686174.975146 3.3466711 -9.0596437 3.6117125 0.3430641 -0.6210965 0.6319607 -0.3113749
1654686175.374274 3.2415650 -9.2291374 3.6023524 0.3360382 -0.6248211 0.6354989 -0.3042485
1654686175.573901 3.1951663 -9.2933502 3.6055212 0.3329195 -0.6266365 0.6371203 -0.3005439
1654686175.773529 3.1390891 -9.3796844 3.6002786 0.3298612 -0.6280917 0.6386192 -0.2976368
1654686176.172909 3.0413933 -9.5012369 3.6096683 0.3232047 -0.6319306 0.6416245 -0.2902659
1654686176.372661 2.9789650 -9.5875244 3.6075406 0.3196912 -0.6336193 0.6431305 -0.2870715
1654686177.971052 2.4776912 -10.1216288 3.6480131 0.2921246 -0.6481612 0.6538311 -0.2580574
1654686180.869334 1.6270676 -10.8200903 3.8534958 -0.2402202 0.6744422 -0.6675522 0.2032869
1654686183.669491 0.9765496 -11.3088236 3.7940991 -0.1843683 0.6910481 -0.6827562 0.1480234
1654686186.569397 0.7714224 -11.4562874 3.7514548 -0.1698676 0.6941490 -0.6862925 0.1341311
1654686189.369803 0.8051753 -11.5107050 3.7630134 -0.1705880 0.6939458 -0.6864906 0.1332621
1654686191.970207 0.7957792 -11.4742899 3.9740202 -0.1706380 0.6942273 -0.6862341 0.1332377
1654686194.670361 0.7929068 -11.4636564 4.0567355 -0.1703528 0.6955687 -0.6850993 0.1326265
1654686195.270243 0.7895546 -11.4643764 4.0569296 -0.1705210 0.6955429 -0.6850263 0.1327446
1654686196.470381 1.0328128 -11.3085861 4.0618606 -0.1866644 0.6915598 -0.6815645 0.1487393
1654686197.069889 1.1842875 -11.2041044 4.0618982 -0.1974251 0.6884722 -0.6792952 0.1590733
1654686197.570394 1.3061845 -11.1201382 4.0622716 -0.2050124 0.6862109 -0.6773938 0.1671723
1654686199.670291 1.8348999 -10.7039852 4.0615792 -0.2420454 0.6735938 -0.6678044 0.2037668
1654686200.070172 1.9309802 -10.6205444 4.0596447 -0.2486552 0.6710907 -0.6658481 0.2103773
1654686201.670190 2.2954657 -10.2866688 4.0477629 -0.2756823 0.6598130 -0.6571959 0.2378431
1654686202.170320 2.4003892 -10.1823025 4.0446043 -0.2840172 0.6561126 -0.6542042 0.2463237
1654686202.670950 2.5086386 -10.0672674 4.0419321 -0.2920512 0.6524404 -0.6513677 0.2540978
1654686203.171081 2.6063898 -9.9493456 4.0408764 -0.3001604 0.6486241 -0.6482450 0.2623413
1654686203.671586 2.6991055 -9.8330050 4.0375104 0.3079105 -0.6445869 0.6451239 -0.2707980
1654686204.572472 2.8613575 -9.6112270 4.0299287 0.3220859 -0.6373409 0.6391561 -0.2852598
1654686207.376753 3.2774479 -8.8777828 4.0195885 0.3656589 -0.6127794 0.6181832 -0.3294811
1654686207.677757 3.3125787 -8.7937832 4.0219383 0.3704874 -0.6098842 0.6156580 -0.3341843
1654686208.079010 3.3573153 -8.6862116 4.0208120 0.3767926 -0.6059416 0.6122346 -0.3405256
1654686208.882144 3.4559736 -8.4617882 4.0222712 0.3889634 -0.5982826 0.6056896 -0.3519205
1654686209.283148 3.4939013 -8.3502026 4.0221839 0.3949847 -0.5942637 0.6021230 -0.3581011
1654686209.584027 3.5199845 -8.2625246 4.0224776 0.3996505 -0.5910927 0.5993972 -0.3627347
1654686209.985030 3.5618527 -8.1495171 4.0228915 0.4056215 -0.5870754 0.5958796 -0.3683917
1654686210.386661 3.5968022 -8.0372849 4.0257626 0.4116663 -0.5829399 0.5922353 -0.3740957
1654686210.788290 3.6278009 -7.9227495 4.0253358 0.4174487 -0.5787622 0.5884935 -0.3800415
1654686211.090293 3.6501861 -7.8420258 4.0245929 0.4219534 -0.5754207 0.5855824 -0.3846174
1654686211.541923 3.6856775 -7.7146225 4.0252161 0.4282251 -0.5708910 0.5814224 -0.3907081
1654686211.995302 3.7153676 -7.5864000 4.0270247 0.4351673 -0.5657510 0.5771106 -0.3968716
1654686212.449183 3.7387466 -7.4593954 4.0282612 0.4420890 -0.5603632 0.5725341 -0.4034491
1654686212.903688 3.7604904 -7.3325324 4.0290470 0.4489081 -0.5550581 0.5679557 -0.4096872
1654686213.359069 3.7758598 -7.2102146 4.0305557 0.4557421 -0.5494731 0.5630433 -0.4164078
1654686213.814323 3.7911859 -7.0773997 4.0295343 0.4624136 -0.5438396 0.5583175 -0.4227742
1654686214.269829 3.8035882 -6.9523058 4.0284376 0.4691519 -0.5380370 0.5535573 -0.4289998
1654686214.725084 3.8125739 -6.8221540 4.0282021 0.4755357 -0.5324654 0.5487018 -0.4351281
1654686215.179589 3.8171067 -6.6939340 4.0256882 0.4819926 -0.5264686 0.5436861 -0.4415802
1654686215.634593 3.8199661 -6.5643010 4.0244794 0.4881665 -0.5208402 0.5386760 -0.4475840
1654686215.937097 3.8195319 -6.4794703 4.0247269 0.4923299 -0.5169129 0.5352639 -0.4516365
1654686216.239226 3.8189099 -6.3955283 4.0247679 0.4965325 -0.5129964 0.5317944 -0.4555890
1654686216.591355 3.8166320 -6.2943039 4.0246739 0.5013011 -0.5084288 0.5277034 -0.4602275
1654686216.993484 3.8117175 -6.1818180 4.0232024 0.5066280 -0.5031086 0.5230857 -0.4654908
1654686217.395612 3.8056188 -6.0690136 4.0223861 0.5120184 -0.4977130 0.5183463 -0.4706744
1654686217.797868 3.7960455 -5.9538865 4.0222640 0.5173559 -0.4924155 0.5132914 -0.4754257
1654686218.200622 3.7840042 -5.8392782 4.0219798 0.5228825 -0.4866800 0.5083207 -0.4805993
1654686218.602875 3.7677817 -5.7269678 4.0198951 0.5281382 -0.4808666 0.5034652 -0.4857888
1654686219.004880 3.7486849 -5.6150942 4.0191269 0.5335280 -0.4750385 0.4983261 -0.4909072
1654686219.607388 3.7157004 -5.4440761 4.0168571 0.5416226 -0.4659783 0.4903953 -0.4986549
1654686220.008142 3.6919141 -5.3273015 4.0158772 -0.5463412 0.4599175 -0.4850766 0.5041122
1654686220.408520 3.6655197 -5.2107506 4.0142641 -0.5518278 0.4534813 -0.4794979 0.5092828
1654686220.809026 3.6367781 -5.0963998 4.0119319 -0.5568165 0.4474211 -0.4739631 0.5143740
1654686221.208904 3.6040006 -4.9838638 4.0096183 -0.5617928 0.4412262 -0.4682753 0.5195036
1654686221.608160 3.5715008 -4.8754621 4.0065541 -0.5666088 0.4349819 -0.4625682 0.5244859
1654686221.808036 3.5532982 -4.8182030 4.0055380 -0.5693778 0.4314924 -0.4596293 0.5269508
1654686222.207417 3.5143127 -4.7031131 4.0035138 -0.5742610 0.4251060 -0.4537374 0.5319315
1654686222.407043 3.4953713 -4.6476297 4.0022726 -0.5767616 0.4218349 -0.4509159 0.5342276
1654686222.606045 3.4755068 -4.5917654 4.0006323 -0.5792450 0.4184065 -0.4479123 0.5367607
1654686223.004425 3.4322515 -4.4832358 3.9973173 -0.5840732 0.4115692 -0.4419128 0.5417705
1654686223.403554 3.3853121 -4.3658104 3.9955165 -0.5887602 0.4051643 -0.4358288 0.5464398
1654686223.803308 3.3370786 -4.2563410 3.9918635 -0.5933760 0.3983560 -0.4294761 0.5513344
1654686224.003561 3.3100986 -4.2010784 3.9911020 -0.5955667 0.3951415 -0.4265250 0.5535753
1654686224.404064 3.2516816 -4.0790372 3.9877160 -0.6007106 0.3876020 -0.4196107 0.5586172
1654686224.604317 3.2184732 -4.0127077 3.9871032 -0.6039009 0.3828075 -0.4159077 0.5613768
1654686224.804944 3.1851830 -3.9478595 3.9851427 -0.6066867 0.3785006 -0.4118706 0.5642658
1654686225.205949 3.1192560 -3.8243310 3.9815297 -0.6117935 0.3701946 -0.4045635 0.5694076
1654686225.605954 3.0494552 -3.7089653 3.9797299 -0.6164279 0.3629065 -0.3974971 0.5740666
1654686226.004333 2.9820890 -3.5988145 3.9741702 -0.6210856 0.3547218 -0.3902557 0.5789984
1654686226.401837 2.9031177 -3.4800520 3.9712057 -0.6259754 0.3464076 -0.3826455 0.5838347
1654686226.798841 2.8225682 -3.3649082 3.9677787 -0.6307667 0.3378825 -0.3749036 0.5886850
1654686227.195221 2.7387173 -3.2540424 3.9630399 -0.6353425 0.3294252 -0.3670933 0.5933579
1654686227.393098 2.6916244 -3.1994336 3.9630487 -0.6377638 0.3252128 -0.3630972 0.5956528
1654686227.591224 2.6492107 -3.1473730 3.9588876 -0.6398083 0.3210052 -0.3592373 0.5979735
1654686228.233608 2.5065477 -2.9855335 3.9543941 -0.6467280 0.3074588 -0.3470739 0.6048077
1654686228.678363 2.4074283 -2.8730502 3.9509103 -0.6514387 0.2979486 -0.3384674 0.6093822
1654686228.974616 2.3378768 -2.7975812 3.9487116 -0.6546116 0.2913952 -0.3324677 0.6124526
1654686229.271744 2.2680454 -2.7220325 3.9455035 -0.6576584 0.2845964 -0.3263299 0.6155841
1654686229.568747 2.1920795 -2.6513922 3.9428830 -0.6606230 0.2780505 -0.3201280 0.6186585
1654686229.717374 2.1552346 -2.6172776 3.9426692 -0.6621777 0.2747762 -0.3171895 0.6200730
1654686229.865626 2.1227210 -2.5835695 3.9363904 -0.6633967 0.2714699 -0.3143240 0.6215886
1654686230.163003 2.0421038 -2.5187156 3.9341567 -0.6660788 0.2651901 -0.3083045 0.6244473
1654686230.609759 1.9226255 -2.4209058 3.9310668 -0.6703328 0.2553616 -0.2990789 0.6285700
1654686230.907636 1.8425277 -2.3558714 3.9285285 -0.6730595 0.2485524 -0.2928440 0.6313218
1654686231.206015 1.7619563 -2.2922034 3.9264500 -0.6756823 0.2419110 -0.2865734 0.6339785
1654686231.504143 1.6823384 -2.2317495 3.9246619 -0.6781280 0.2356753 -0.2806092 0.6363858
1654686232.250277 1.4691391 -2.0829327 3.9174287 -0.6844950 0.2183439 -0.2646334 0.6426688
1654686232.995661 1.2704167 -1.9556377 3.9110372 -0.6899696 0.2022229 -0.2490085 0.6484064
1654686233.293914 1.1810517 -1.8956952 3.9018948 -0.6920938 0.1949531 -0.2425389 0.6507369
1654686233.592667 1.0915697 -1.8537790 3.8987100 -0.6941535 0.1882340 -0.2361387 0.6528771
1654686233.891045 1.0074492 -1.8106740 3.8958573 -0.6960176 0.1818048 -0.2301079 0.6548700
1654686234.140172 0.9377058 -1.7653747 3.8907704 -0.6974941 0.1763160 -0.2246706 0.6566070
1654686234.339050 0.8735897 -1.7392496 3.8893890 -0.6988131 0.1714681 -0.2199585 0.6580867
1654686234.538427 0.8128766 -1.7038783 3.8820522 -0.6998697 0.1662352 -0.2155827 0.6595159
1654686235.037184 0.6747500 -1.6369016 3.8723886 -0.7023746 0.1559824 -0.2053839 0.6624609
1654686236.433324 0.2856770 -1.4251366 3.8028998 -0.7085521 0.1240528 -0.1749430 0.6709135
1654686236.632699 0.2057192 -1.3781316 3.7637117 -0.7087568 0.1191777 -0.1710499 0.6723029
1654686238.429846 -0.2906179 -1.0470802 3.5272906 -0.7124977 0.0784033 -0.1326051 0.6817901
1654686241.224376 -1.0172207 -0.7645906 3.3712897 -0.7183766 0.0123153 -0.0696887 0.6907706
1654686242.223762 -1.2750496 -0.7855784 3.3582172 -0.7193151 -0.0066168 -0.0505631 0.6919143
1654686245.125044 -1.8868803 -0.8603415 3.3426266 -0.7188236 -0.0524752 -0.0065266 0.6925151
1654686246.925189 -1.8801589 -0.8560110 3.3446777 -0.7190493 -0.0521687 -0.0073853 0.6924528
1654686247.524945 -1.8844796 -0.8536793 3.3339558 -0.7193918 -0.0520254 -0.0066756 0.6921142
1654686248.326955 -1.8874502 -0.8299846 3.2201014 -0.7214449 -0.0533129 -0.0059911 0.6899325
1654686249.028587 -1.8837905 -0.8074852 3.1081414 -0.7218137 -0.0537105 -0.0061112 0.6895679
1654686250.229600 -1.8784337 -0.7837901 2.9016514 -0.7210690 -0.0540558 -0.0054671 0.6903805
1654686250.430103 -1.8785483 -0.7794643 2.8595955 -0.7210976 -0.0544019 -0.0056465 0.6903220
1654686251.131860 -1.8749624 -0.7690766 2.7120283 -0.7204986 -0.0549282 -0.0048277 0.6909663
1654686251.533241 -1.8742729 -0.7648220 2.6189158 -0.7200676 -0.0554128 -0.0043204 0.6913810
1654686251.834992 -1.8712335 -0.7616155 2.5456271 -0.7197028 -0.0557077 -0.0041072 0.6917388
1654686252.036246 -1.8691308 -0.7597364 2.4949248 -0.7192950 -0.0558188 -0.0036737 0.6921039
1654686252.337749 -1.8683561 -0.7595013 2.4184453 -0.7190943 -0.0559994 -0.0033922 0.6923000
1654686253.038631 -1.8623123 -0.7606422 2.2348387 -0.7183769 -0.0568053 -0.0025576 0.6930364
1654686253.339134 -1.8601435 -0.7618867 2.1514995 -0.7179460 -0.0569094 -0.0022499 0.6934234
1654686253.639889 -1.8583899 -0.7676800 2.0658073 -0.7176222 -0.0569466 -0.0016701 0.6937578
1654686253.840390 -1.8561783 -0.7708487 2.0077288 -0.7173399 -0.0573112 -0.0014947 0.6940205
1654686254.091268 -1.8532006 -0.7752794 1.9333024 -0.7171158 -0.0575484 -0.0011227 0.6942337
1654686254.392646 -1.8491517 -0.7820944 1.8442657 -0.7166152 -0.0577705 -0.0005710 0.6946817
1654686254.543399 -1.8476484 -0.7868124 1.7999468 -0.7165354 -0.0579276 -0.0004885 0.6948031
1654686254.995152 -1.8428502 -0.8012397 1.6647264 -0.7160063 -0.0580854 0.0003134 0.6953365
1654686255.296281 -1.8388501 -0.8119495 1.5730104 -0.7156814 -0.0585097 0.0006401 0.6956355
1654686255.597409 -1.8350834 -0.8250180 1.4800009 -0.7152941 -0.0585753 0.0011747 0.6959255
1654686255.748410 -1.8330563 -0.8326739 1.4337670 -0.7151904 -0.0587221 0.0013639 0.6960710
1654686256.049789 -1.8289599 -0.8489373 1.3394789 -0.7149546 -0.0588357 0.0018915 0.6963032
1654686256.652921 -1.8186657 -0.8849232 1.1454420 -0.7144559 -0.0592759 0.0029331 0.6967244
1654686256.803422 -1.8160634 -0.8950751 1.0971222 -0.7143776 -0.0593601 0.0031706 0.6968479
1654686257.104051 -1.8100228 -0.9166245 0.9984150 -0.7142553 -0.0596571 0.0036282 0.6969461
1654686257.404055 -1.8033814 -0.9402150 0.8985008 -0.7141608 -0.0596069 0.0043482 0.6969928
1654686257.704559 -1.7976229 -0.9664766 0.7967690 -0.7141797 -0.0597624 0.0048744 0.6969571
1654686258.155563 -1.7881041 -1.0077167 0.6443813 -0.7144448 -0.0599847 0.0056754 0.6967113
1654686258.305814 -1.7860943 -1.0204259 0.5982062 -0.7147045 -0.0602922 0.0058468 0.6964164
1654686258.755944 -1.7778469 -1.0527619 0.4949058 -0.7142934 -0.0600554 0.0066249 0.6968527
1654686259.206574 -1.7696859 -1.0857303 0.3907942 -0.7146133 -0.0602694 0.0071908 0.6965003
1654686259.506702 -1.7663659 -1.1064056 0.3211328 -0.7153396 -0.0606255 0.0074303 0.6957200
1654686260.107208 -1.7594212 -1.1405705 0.2278530 -0.7152861 -0.0603406 0.0081171 0.6957926
1654686260.556715 -1.7561421 -1.1578113 0.1761939 -0.7155963 -0.0605130 0.0081622 0.6954066
1654686263.103743 -1.7399104 -1.2518516 -0.0698569 -0.7177958 -0.0609006 0.0090452 0.6930881
1654686263.403620 -1.7383763 -1.2553664 -0.0816835 -0.7178217 -0.0607711 0.0093000 0.6931208
1654686266.403403 -1.7344419 -1.2678185 -0.1959739 -0.7193217 -0.0615950 0.0095640 0.6914856
1654686266.853785 -1.7341990 -1.2302215 -0.2058486 -0.7190348 -0.0603805 0.0099818 0.6918858
1654686267.604542 -1.7390656 -1.1505567 -0.2579435 -0.7200098 -0.0610853 0.0095158 0.6908141
1654686268.654304 -1.7491338 -1.0077664 -0.3249887 -0.7199860 -0.0599382 0.0101658 0.6908785
1654686269.704065 -1.7607735 -0.8437314 -0.4100171 -0.7203532 -0.0595175 0.0101308 0.6905841
1654686270.303072 -1.7701004 -0.7462006 -0.4633780 -0.7206511 -0.0595431 0.0102268 0.6902168
1654686270.901329 -1.7758195 -0.6453251 -0.5188285 -0.7212475 -0.0591727 0.0103309 0.6896753
1654686271.797964 -1.7908627 -0.4960271 -0.6047030 -0.7217023 -0.0600658 0.0096814 0.6891303
1654686272.246469 -1.7998759 -0.4226553 -0.6452220 -0.7218273 -0.0608043 0.0097894 0.6889331
1654686272.545598 -1.8045927 -0.3736385 -0.6766435 -0.7223270 -0.0608322 0.0096945 0.6884599
1654686272.844975 -1.8056725 -0.3229696 -0.7022698 -0.7225193 -0.0604428 0.0096805 0.6882924
1654686273.294356 -1.8133597 -0.2499288 -0.7465026 -0.7229631 -0.0607524 0.0096834 0.6877983
1654686273.593734 -1.8173803 -0.1999840 -0.7680354 -0.7228650 -0.0604053 0.0100312 0.6879272
1654686273.892987 -1.8216965 -0.1513560 -0.7969637 -0.7230551 -0.0608464 0.0095422 0.6876950
1654686274.342242 -1.8311034 -0.0799624 -0.8366636 -0.7232438 -0.0610960 0.0096020 0.6874734
1654686274.641120 -1.8364937 -0.0324103 -0.8667727 -0.7235698 -0.0618593 0.0094087 0.6871172
1654686275.089750 -1.8380305 0.0425805 -0.9046606 -0.7237377 -0.0612513 0.0092049 0.6869973
1654686275.638506 -1.8474143 0.1302135 -0.9616329 -0.7244461 -0.0617757 0.0095066 0.6861985
1654686276.037511 -1.8458885 0.1992865 -0.9917014 -0.7245257 -0.0598442 0.0095450 0.6862849
1654686276.537269 -1.8546838 0.2813143 -1.0449841 -0.7251012 -0.0610019 0.0090612 0.6856341
1654686276.838396 -1.8655053 0.3296206 -1.0729383 -0.7250156 -0.0619546 0.0092150 0.6856372
1654686277.038773 -1.8691448 0.3612961 -1.0965667 -0.7256472 -0.0623024 0.0090961 0.6849920
1654686277.339525 -1.8649943 0.4077780 -1.1180687 -0.7257722 -0.0609782 0.0091276 0.6849782
1654686277.639779 -1.8599076 0.4511953 -1.1372106 -0.7261241 -0.0586838 0.0095028 0.6848004
1654686278.090784 -1.8606268 0.5003674 -1.1558317 -0.7262413 -0.0570342 0.0112999 0.6847887
1654686278.691791 -1.8592916 0.5385791 -1.1686813 -0.7262066 -0.0555029 0.0129974 0.6849217
1654686279.142421 -1.8585844 0.5454915 -1.1707886 -0.7262334 -0.0552613 0.0137308 0.6849524
1654686279.742677 -1.8587985 0.5456660 -1.1710446 -0.7262089 -0.0553034 0.0136659 0.6849762
1654686280.042431 -1.8590289 0.5454497 -1.1710439 -0.7261828 -0.0552750 0.0136130 0.6850072
1654686280.642437 -1.8585913 0.5451543 -1.1713293 -0.7261521 -0.0552142 0.0137481 0.6850419
