1654674490.687874 -0.0624578 -0.1413657 0.0224120 -0.7265165 -0.0387915 -0.0023911 0.6859946
1654674491.087629 -0.0020888 -0.1330389 0.0229123 -0.7265264 -0.0342465 -0.0080718 0.6861821
1654674493.187027 0.2473687 -0.1047133 0.0251633 -0.7256222 -0.0140229 -0.0256667 0.6863861
1654674496.087935 0.7452565 -0.1013958 0.0336520 -0.7252699 0.0226261 -0.0613749 0.6845242
1654674498.687216 0.8700744 -0.1099192 0.0346714 -0.7248361 0.0319240 -0.0699093 0.6839060
1654674499.187345 0.8418935 -0.1055725 0.0351420 -0.7247622 0.0300771 -0.0680294 0.6841984
1654674499.787728 0.7590570 -0.1020910 0.0341271 -0.7252930 0.0241038 -0.0624191 0.6844140
1654674499.987855 0.7285737 -0.1017660 0.0344635 -0.7252443 0.0215149 -0.0595188 0.6847538
1654674500.587362 0.6804992 -0.0993388 0.0327128 -0.7253994 0.0176755 -0.0566616 0.6849455
1654674503.587271 0.4454515 -0.1000349 0.0277135 -0.7258465 0.0002020 -0.0410555 0.6859531
1654674504.187278 0.4178285 -0.1010642 0.0276537 -0.7260712 -0.0015400 -0.0380922 0.6858876
1654674507.087186 0.4267761 -0.1005972 0.0273423 -0.7261384 -0.0010855 -0.0393345 0.6858043
1654674509.687089 0.4273355 -0.0997005 0.0265608 -0.7261804 -0.0014110 -0.0394044 0.6856965
1654674512.487371 0.3999827 -0.3092340 0.1406230 -0.7249133 -0.0027993 -0.0387805 0.6871297
1654674513.387631 0.3970733 -0.3726137 0.1758694 -0.7242790 -0.0027153 -0.0382508 0.6878305
1654674516.387541 0.4918488 -0.3672243 0.1747389 -0.7244471 0.0048558 -0.0461395 0.6871481
1654674518.087435 0.7143440 -0.3718579 0.1785634 -0.7241539 0.0221804 -0.0627884 0.6858983
1654674519.087946 0.8647497 -0.3788953 0.1819447 -0.7236274 0.0338018 -0.0748721 0.6848176
1654674519.488075 0.8239754 -0.3783839 0.1814352 -0.7238965 0.0311738 -0.0703983 0.6851356
1654674519.988082 0.8329213 -0.3782712 0.1812487 -0.7236977 0.0313509 -0.0716080 0.6852117
1654674520.188209 0.8389425 -0.3770418 0.1802465 -0.7238104 0.0311444 -0.0728892 0.6849655
1654674520.887968 0.6693935 -0.3722963 0.1802831 -0.7241988 0.0194286 -0.0578297 0.6864353
1654674521.188345 0.6504057 -0.3704202 0.1781843 -0.7244090 0.0176653 -0.0579781 0.6862482
1654674521.888354 0.5449805 -0.3690918 0.1759042 -0.7247002 0.0087741 -0.0500646 0.6867409
1654674522.487860 0.4490287 -0.3687909 0.1739646 -0.7248857 0.0010987 -0.0426162 0.6869911
1654674525.287892 0.1130135 -0.3893636 0.1680120 -0.7248554 -0.0260147 -0.0172662 0.6877174
1654674528.087924 0.1034650 -0.3714297 0.1570628 -0.7251469 -0.0264794 -0.0166338 0.6874079
1654674530.187323 0.1063611 -0.4190027 0.1872949 -0.7245294 -0.0257666 -0.0165278 0.6880897
1654674532.987229 0.0980910 -0.6474354 0.3098483 -0.7236350 -0.0262347 -0.0158728 0.6891412
1654674534.486371 0.1073567 -0.7713613 0.3804947 -0.7232060 -0.0246545 -0.0160378 0.6896464
1654674534.786250 0.1006709 -0.8078974 0.3984776 -0.7227802 -0.0247844 -0.0156033 0.6900437
1654674536.287142 0.1056393 -0.9867910 0.4925629 -0.7219744 -0.0250847 -0.0163640 0.6908587
1654674536.686897 0.0989800 -1.0332260 0.5168608 -0.7217354 -0.0257899 -0.0161178 0.6910891
1654674537.286778 0.1014237 -1.1002159 0.5529075 -0.7215608 -0.0256966 -0.0167513 0.6913145
1654674537.586657 0.0981757 -1.1344092 0.5708231 -0.7214354 -0.0257471 -0.0162967 0.6914549
1654674537.887034 0.1001111 -1.1680419 0.5897694 -0.7213414 -0.0255199 -0.0160934 0.6915662
1654674538.087038 0.1016603 -1.1902025 0.6009572 -0.7212507 -0.0253346 -0.0164137 0.6916601
1654674539.588304 0.0944921 -1.3660287 0.6909051 -0.7205247 -0.0265095 -0.0161623 0.6924340
1654674540.387813 0.0957748 -1.4342568 0.7274810 -0.7199162 -0.0259400 -0.0156130 0.6930475
1654674540.987695 0.0964613 -1.4334106 0.7271250 -0.7200539 -0.0260642 -0.0159424 0.6928919
1654674541.488075 0.0974092 -1.4322100 0.7274699 -0.7202471 -0.0257028 -0.0164976 0.6927453
1654674541.887331 0.0922590 -1.4297980 0.7391815 -0.7195367 -0.0277212 -0.0171468 0.6933902
1654674542.187709 0.0914818 -1.4154043 0.8381760 -0.7121766 -0.0254312 -0.0159492 0.7010716
1654674542.587837 0.0859240 -1.3853378 0.9290562 -0.7098327 -0.0270173 -0.0172083 0.7032545
1654674542.787965 0.0850484 -1.3674394 0.9834346 -0.7084588 -0.0259573 -0.0170185 0.7046337
1654674542.987592 0.0839515 -1.3480077 1.0428995 -0.7077888 -0.0256910 -0.0166624 0.7053773
1654674543.187345 0.0802795 -1.3299981 1.0857685 -0.7079485 -0.0261088 -0.0174022 0.7051319
1654674543.387346 0.0801003 -1.3126122 1.1362128 -0.7075609 -0.0263223 -0.0181268 0.7055460
1654674543.587474 0.0791777 -1.2956364 1.1936469 -0.7067450 -0.0255714 -0.0181491 0.7063913
1654674544.188106 0.0732510 -1.2490875 1.3439525 -0.7063211 -0.0255752 -0.0191883 0.7067366
1654674544.388108 0.0716479 -1.2347953 1.3951373 -0.7063260 -0.0254375 -0.0195012 0.7067788
1654674544.787863 0.0676105 -1.2076170 1.4929965 -0.7061011 -0.0252385 -0.0200801 0.7069942
1654674544.887738 0.0674040 -1.2009369 1.5190424 -0.7061954 -0.0250912 -0.0203977 0.7069470
1654674545.187617 0.0650307 -1.1831230 1.5887057 -0.7062736 -0.0252678 -0.0207968 0.7068506
1654674545.387744 0.0639470 -1.1714967 1.6396592 -0.7063559 -0.0255078 -0.0211104 0.7068012
1654674545.587872 0.0634444 -1.1601065 1.6874588 -0.7064449 -0.0251587 -0.0214385 0.7067145
1654674545.788373 0.0617208 -1.1499723 1.7322342 -0.7065147 -0.0250203 -0.0217952 0.7065873
1654674546.688133 0.0577043 -1.1047865 1.9318399 -0.7069690 -0.0249267 -0.0229323 0.7060985
1654674546.988387 0.0561315 -1.0931559 1.9882613 -0.7071486 -0.0247159 -0.0233539 0.7059120
1654674547.388642 0.0550143 -1.0808822 2.0618708 -0.7074429 -0.0246757 -0.0239648 0.7055970
1654674548.087774 0.0510417 -1.0621870 2.1830006 -0.7078810 -0.0239090 -0.0245104 0.7051126
1654674548.988409 0.0488209 -1.0435693 2.3121443 -0.7084713 -0.0240144 -0.0254693 0.7045326
1654674549.587917 0.0477992 -1.0348527 2.3305271 -0.7103223 -0.0239338 -0.0263612 0.7025807
1654674549.887419 0.0501769 -1.0389384 2.3436999 -0.7092571 -0.0231948 -0.0252000 0.7037254
1654674550.387799 0.0495150 -1.0371670 2.3386266 -0.7099045 -0.0237926 -0.0255155 0.7030398
1654674550.788053 0.0784488 -1.0331954 2.3322475 -0.7106421 -0.0217716 -0.0281856 0.7022548
1654674550.988557 0.1301499 -1.0302609 2.3399386 -0.7096903 -0.0168853 -0.0321437 0.7031796
1654674551.388312 0.2252651 -1.0218759 2.3345592 -0.7105384 -0.0092408 -0.0406849 0.7020687
1654674551.787691 0.3180357 -1.0203770 2.3428864 -0.7096505 -0.0009400 -0.0476097 0.7025336
1654674551.987818 0.3817506 -1.0163342 2.3362067 -0.7101924 0.0044254 -0.0537548 0.7015231
1654674552.187444 0.4457302 -1.0179435 2.3458443 -0.7091869 0.0102196 -0.0583004 0.7021146
1654674552.287321 0.4748023 -1.0196157 2.3492043 -0.7089749 0.0126584 -0.0607136 0.7021389
1654674552.687076 0.5891442 -1.0196722 2.3453331 -0.7091316 0.0224819 -0.0709118 0.7007703
1654674552.987454 0.6869441 -1.0250292 2.3476968 -0.7086588 0.0312227 -0.0794151 0.6999959
1654674553.187457 0.7473828 -1.0284171 2.3445947 -0.7085513 0.0362542 -0.0845915 0.6992517
1654674553.387583 0.8061283 -1.0367424 2.3536432 -0.7075398 0.0414925 -0.0893484 0.6994500
1654674553.587711 0.8683817 -1.0420278 2.3489485 -0.7076458 0.0466726 -0.0949966 0.6982074
1654674553.987839 0.9989952 -1.0581803 2.3567638 -0.7061020 0.0583255 -0.1056132 0.6973628
1654674554.187469 1.0548258 -1.0626084 2.3513885 -0.7060475 0.0637039 -0.1115499 0.6960171
1654674554.387219 1.1158772 -1.0731020 2.3509510 -0.7051703 0.0689240 -0.1164224 0.6955466
1654674554.487096 1.1482016 -1.0808189 2.3549178 -0.7044795 0.0721427 -0.1187226 0.6955304
1654674554.687098 1.2161248 -1.0955915 2.3554859 -0.7040600 0.0772291 -0.1241852 0.6944496
1654674554.887226 1.2833467 -1.1072066 2.3532293 -0.7036757 0.0826198 -0.1298506 0.6931128
1654674555.087352 1.3447076 -1.1202821 2.3604333 -0.7023405 0.0885246 -0.1346995 0.6928093
1654674555.487482 1.4636587 -1.1475842 2.3593738 -0.7013597 0.0992413 -0.1456172 0.6902565
1654674555.687233 1.5305949 -1.1655569 2.3656895 -0.6999474 0.1052545 -0.1506401 0.6897185
1654674555.887237 1.5972844 -1.1820443 2.3641872 -0.6995173 0.1103506 -0.1563973 0.6880699
1654674556.086988 1.6576672 -1.2002292 2.3636367 -0.6984454 0.1161159 -0.1617064 0.6869105
1654674556.287117 1.7169496 -1.2199516 2.3675597 -0.6969154 0.1215377 -0.1667644 0.6863151
1654674556.487618 1.7805132 -1.2402077 2.3640516 -0.6962591 0.1270530 -0.1725196 0.6845521
1654674556.687621 1.8442307 -1.2624983 2.3639777 -0.6947917 0.1328940 -0.1780115 0.6834543
1654674556.987998 1.9372884 -1.3001785 2.3684447 -0.6931550 0.1412761 -0.1859493 0.6813818
1654674557.188126 1.9953257 -1.3230948 2.3662207 -0.6920547 0.1463034 -0.1913578 0.6799361
1654674557.388253 2.0608258 -1.3502641 2.3723564 -0.6904500 0.1521617 -0.1965873 0.6787853
1654674557.588006 2.1251295 -1.3755018 2.3684070 -0.6892275 0.1577158 -0.2024284 0.6769631
1654674558.187762 2.3045487 -1.4601554 2.3718605 -0.6850500 0.1743831 -0.2184189 0.6721128
1654674558.387890 2.3647742 -1.4933170 2.3697467 -0.6833744 0.1798435 -0.2237693 0.6706134
1654674558.688267 2.4552901 -1.5411081 2.3732457 -0.6809109 0.1885812 -0.2320923 0.6678769
1654674558.888396 2.5136871 -1.5774112 2.3742797 -0.6793637 0.1940920 -0.2373670 0.6660119
1654674559.088023 2.5666428 -1.6151783 2.3776736 -0.6773733 0.1993199 -0.2423893 0.6646031
1654674559.687529 2.7403750 -1.7316263 2.3821507 -0.6719478 0.2161194 -0.2583709 0.6587158
1654674560.187035 2.8778081 -1.8242849 2.3863647 -0.6673944 0.2296145 -0.2712186 0.6536611
1654674560.687041 3.0172088 -1.9317880 2.3904192 -0.6624562 0.2432862 -0.2844168 0.6480904
1654674560.887167 3.0726399 -1.9760995 2.3913457 -0.6603372 0.2486534 -0.2891692 0.6460187
1654674561.287421 3.1754251 -2.0658641 2.3960946 -0.6561697 0.2595241 -0.2993318 0.6414186
1654674561.687551 3.2790031 -2.1670702 2.3977528 -0.6518848 0.2700870 -0.3095438 0.6364585
1654674561.787802 3.3087142 -2.1884260 2.3940325 -0.6505750 0.2726213 -0.3117605 0.6356336
1654674561.987931 3.3545420 -2.2338169 2.3963656 -0.6483711 0.2777522 -0.3166640 0.6332294
1654674562.487436 3.4736249 -2.3570120 2.3994720 -0.6421573 0.2913660 -0.3295048 0.6268423
1654674562.687562 3.5180893 -2.4050670 2.4001713 -0.6401021 0.2963383 -0.3346138 0.6239859
1654674563.087317 3.6083252 -2.5033553 2.4068484 -0.6350177 0.3066128 -0.3441873 0.6188800
1654674563.387696 3.6761568 -2.5825458 2.4101748 -0.6311274 0.3146196 -0.3519341 0.6144561
1654674563.587822 3.7183685 -2.6368351 2.4136372 -0.6287206 0.3194815 -0.3566563 0.6117784
1654674563.987577 3.8077054 -2.7515073 2.4090610 -0.6234245 0.3292497 -0.3657835 0.6064939
1654674564.387707 3.8884652 -2.8684573 2.4111879 -0.6179932 0.3394698 -0.3756159 0.6004659
1654674564.587835 3.9260190 -2.9275160 2.4127028 -0.6149074 0.3445543 -0.3802055 0.5978382
1654674565.787974 4.1414890 -3.3022425 2.4085670 -0.5972809 0.3734387 -0.4074676 0.5800996
1654674566.187352 4.2050881 -3.4226003 2.4095287 -0.5909218 0.3835683 -0.4168379 0.5734057
1654674566.387355 4.2355771 -3.4848566 2.4093049 -0.5878553 0.3882266 -0.4213512 0.5701074
1654674566.587481 4.2640209 -3.5469098 2.4067061 -0.5846293 0.3929624 -0.4257646 0.5668852
1654674566.787484 4.2904081 -3.6117761 2.4054325 -0.5816854 0.3971731 -0.4301894 0.5637435
1654674567.188113 4.3436785 -3.7484837 2.3994691 -0.5748906 0.4067543 -0.4392267 0.5568582
1654674567.387866 4.3716698 -3.8163362 2.3983340 -0.5711914 0.4113082 -0.4436180 0.5536992
1654674567.487741 4.3811784 -3.8445177 2.4004111 -0.5697982 0.4135728 -0.4456325 0.5519497
1654674567.887496 4.4242969 -3.9706779 2.4049294 -0.5629160 0.4230578 -0.4544758 0.5445474
1654674568.087498 4.4434409 -4.0372372 2.4068995 -0.5594043 0.4279284 -0.4588494 0.5408043
1654674568.487628 4.4838281 -4.1712155 2.4040120 -0.5523539 0.4365544 -0.4672904 0.5337363
1654674568.887882 4.5157080 -4.2870541 2.4050317 -0.5459821 0.4449249 -0.4747740 0.5268556
1654674569.287137 4.5326505 -4.3670759 2.4033253 -0.5418230 0.4493429 -0.4792440 0.5230506
1654674569.486890 4.5441241 -4.4010968 2.4014559 -0.5400826 0.4513063 -0.4811532 0.5212572
1654674572.388422 4.6078053 -4.5274320 2.3948500 -0.5334493 0.4599732 -0.4893198 0.5132614
1654674574.788824 4.6343231 -4.5301247 2.3886912 -0.5337632 0.4592022 -0.4893603 0.5134379
1654674575.089076 4.6327791 -4.5258493 2.4243073 -0.5320935 0.4586881 -0.4901833 0.5148504
1654674576.488218 4.6427088 -4.5258098 2.5801706 -0.5327845 0.4593175 -0.4901453 0.5137517
1654674576.788846 4.6449585 -4.5290461 2.6136861 -0.5332319 0.4595967 -0.4901403 0.5130386
1654674577.188975 4.6455631 -4.5351429 2.6670210 -0.5332910 0.4596304 -0.4901494 0.5129377
1654674578.688366 4.6499996 -4.5433955 2.8687282 -0.5337031 0.4605763 -0.4901885 0.5116190
1654674578.988245 4.6510749 -4.5402398 2.9208000 -0.5337325 0.4609845 -0.4902722 0.5112878
1654674580.588512 4.6352806 -4.5585823 3.2001941 -0.5350816 0.4620208 -0.4897472 0.5095870
1654674581.088893 4.6274710 -4.5606956 3.2857962 -0.5354358 0.4622509 -0.4898525 0.5089028
1654674581.288522 4.6234088 -4.5591593 3.3201470 -0.5353315 0.4625933 -0.4898527 0.5087008
1654674581.688525 4.6133022 -4.5562978 3.3922627 -0.5354770 0.4633367 -0.4897328 0.5081382
1654674582.088155 4.6045499 -4.5592809 3.4675922 -0.5358324 0.4637182 -0.4895896 0.5075517
1654674582.288157 4.6011252 -4.5626545 3.5042653 -0.5361860 0.4637295 -0.4896109 0.5071461
1654674582.488286 4.5973907 -4.5656424 3.5399365 -0.5362969 0.4639302 -0.4895785 0.5068762
1654674582.688286 4.5924802 -4.5675955 3.5747535 -0.5365422 0.4640186 -0.4895122 0.5065988
1654674583.188918 4.5797124 -4.5669680 3.6603916 -0.5368578 0.4644395 -0.4894580 0.5060844
1654674583.388545 4.5759282 -4.5691614 3.6916447 -0.5364211 0.4647593 -0.4895046 0.5060553
1654674583.688422 4.5672469 -4.5721965 3.7442174 -0.5368349 0.4648428 -0.4895712 0.5054736
1654674583.888425 4.5618372 -4.5747719 3.7794375 -0.5370315 0.4649184 -0.4895871 0.5051790
1654674584.188178 4.5532274 -4.5775294 3.8328891 -0.5372135 0.4652974 -0.4895444 0.5046765
1654674584.488181 4.5435462 -4.5788431 3.8861663 -0.5373480 0.4656801 -0.4894401 0.5042813
1654674584.787935 4.5334001 -4.5801172 3.9394441 -0.5376597 0.4658329 -0.4893351 0.5039086
1654674584.987937 4.5258250 -4.5809546 3.9742098 -0.5376905 0.4660836 -0.4892804 0.5036970
1654674585.188438 4.5179663 -4.5811615 4.0079489 -0.5376800 0.4662782 -0.4892800 0.5035286
1654674585.887821 4.4899335 -4.5837350 4.1232710 -0.5373771 0.4672726 -0.4894232 0.5027900
1654674586.287827 4.4748473 -4.5838876 4.1927414 -0.5375721 0.4676423 -0.4894995 0.5021616
1654674586.588455 4.4606142 -4.5821548 4.2464337 -0.5377274 0.4681783 -0.4894573 0.5016930
1654674587.488715 4.4279876 -4.5830560 4.3563828 -0.5375794 0.4693215 -0.4891523 0.5010806
1654674587.987720 4.4270797 -4.5814161 4.3622909 -0.5382506 0.4696698 -0.4891439 0.5000389
1654674588.387725 4.4249177 -4.5810657 4.3666043 -0.5379209 0.4698017 -0.4890197 0.5003919
1654674588.687978 4.4291439 -4.5811062 4.3648987 0.5387341 -0.4705619 0.4888290 -0.4991157
1654674589.187733 4.4183779 -4.5388198 4.3736644 -0.5405163 0.4681120 -0.4858354 0.5022792
1654674589.388111 4.4090524 -4.4929199 4.3710179 -0.5432577 0.4650004 -0.4833595 0.5044410
1654674589.588113 4.3962803 -4.4516125 4.3746686 -0.5451183 0.4620849 -0.4807884 0.5075648
1654674589.788615 4.3915157 -4.4185066 4.3718634 -0.5467196 0.4608737 -0.4792898 0.5083609
1654674589.988617 4.3864040 -4.3846917 4.3667388 -0.5482805 0.4588188 -0.4782599 0.5093541
1654674590.188620 4.3734102 -4.3430567 4.3683472 -0.5501342 0.4556867 -0.4753086 0.5129238
1654674590.388122 4.3625083 -4.2879534 4.3653574 -0.5527209 0.4530740 -0.4734829 0.5141435
1654674590.588124 4.3460016 -4.2290716 4.3625317 -0.5557971 0.4495379 -0.4701972 0.5170910
1654674590.788126 4.3273368 -4.1745272 4.3643398 -0.5582643 0.4456490 -0.4671906 0.5205168
1654674591.188505 4.3002968 -4.0758314 4.3587575 -0.5635457 0.4396546 -0.4619064 0.5246262
1654674591.388508 4.2823448 -4.0305796 4.3592105 -0.5659056 0.4361140 -0.4587516 0.5278033
1654674591.589010 4.2663932 -3.9831676 4.3571262 -0.5682760 0.4333086 -0.4555995 0.5302948
1654674591.788512 4.2483940 -3.9302378 4.3532391 -0.5708438 0.4302501 -0.4526542 0.5325464
1654674592.088267 4.2156463 -3.8531127 4.3544903 -0.5743551 0.4248025 -0.4478557 0.5371869
1654674592.388144 4.1848855 -3.7756298 4.3509574 -0.5785212 0.4197551 -0.4432730 0.5406129
1654674592.588021 4.1632347 -3.7274930 4.3516679 -0.5808507 0.4161456 -0.4401927 0.5434175
1654674592.788023 4.1473303 -3.6820805 4.3487320 -0.5834247 0.4121423 -0.4371726 0.5460109
1654674592.987651 4.1301308 -3.6359997 4.3469181 -0.5860103 0.4087772 -0.4344207 0.5479657
1654674593.187654 4.1078458 -3.5885375 4.3472781 -0.5888004 0.4043076 -0.4313060 0.5507458
1654674593.388031 4.0847526 -3.5390592 4.3459301 -0.5914135 0.4003081 -0.4280429 0.5534091
1654674593.588032 4.0625753 -3.4903984 4.3427348 -0.5940315 0.3966642 -0.4247038 0.5557984
1654674593.788409 4.0371113 -3.4436326 4.3428288 -0.5961230 0.3934540 -0.4213482 0.5583915
1654674593.988786 4.0111361 -3.3977559 4.3422737 -0.5983413 0.3901987 -0.4178340 0.5609412
1654674594.189289 3.9885776 -3.3533883 4.3358865 -0.6003544 0.3868017 -0.4147623 0.5631717
1654674594.589169 3.9368231 -3.2583694 4.3378386 -0.6045789 0.3803145 -0.4079348 0.5680444
1654674594.789170 3.9108500 -3.2091217 4.3382068 -0.6072400 0.3766827 -0.4046254 0.5701133
1654674594.989048 3.8841569 -3.1623235 4.3399291 -0.6095870 0.3726881 -0.4013643 0.5725361
1654674595.188674 3.8570771 -3.1168289 4.3409238 -0.6120026 0.3688876 -0.3978686 0.5748581
1654674595.588304 3.8006620 -3.0319710 4.3395796 -0.6162013 0.3619542 -0.3908049 0.5794963
1654674595.888057 3.7584052 -2.9659638 4.3376799 -0.6195105 0.3566703 -0.3856122 0.5827192
1654674596.188186 3.7161202 -2.9012320 4.3359413 -0.6225305 0.3512666 -0.3805264 0.5861223
1654674596.388189 3.6866055 -2.8586667 4.3364778 -0.6248445 0.3473330 -0.3771888 0.5882723
1654674597.188072 3.5764768 -2.7031155 4.3332272 -0.6329709 0.3329533 -0.3645952 0.5957986
1654674597.688577 3.6126359 -2.7456768 4.3363767 -0.6300997 0.3382438 -0.3680613 0.5936162
1654674597.888581 3.6045392 -2.7380710 4.3343430 -0.6310824 0.3366360 -0.3660713 0.5947180
1654674599.288846 3.6216922 -2.6975799 4.2032022 -0.6333050 0.3350894 -0.3646830 0.5940787
1654674599.488848 3.6346567 -2.6960497 4.1703367 -0.6336831 0.3357016 -0.3641396 0.5937731
1654674599.988478 3.6597602 -2.6945477 4.0901752 -0.6328464 0.3361731 -0.3651144 0.5936906
1654674600.188481 3.6663978 -2.6857846 4.0534577 -0.6330696 0.3359058 -0.3647449 0.5938309
1654674600.388483 3.6681628 -2.6785142 4.0225382 -0.6327288 0.3350410 -0.3642133 0.5950105
1654674600.588485 3.6741452 -2.6694973 3.9825640 -0.6331930 0.3343828 -0.3639329 0.5950583
1654674600.788487 3.6858895 -2.6657214 3.9419830 -0.6333110 0.3345802 -0.3640807 0.5947301
1654674601.188366 3.7016106 -2.6646564 3.8675981 -0.6324022 0.3343526 -0.3644074 0.5955179
1654674601.387868 3.7064590 -2.6568441 3.8280685 -0.6327397 0.3343545 -0.3645580 0.5951736
1654674601.787873 3.7125220 -2.6452787 3.7529991 -0.6323948 0.3331178 -0.3638528 0.5965580
1654674602.288379 3.7318807 -2.6402333 3.6572323 -0.6318204 0.3329224 -0.3641217 0.5971128
1654674604.388528 3.7689986 -2.6055341 3.2356248 -0.6310775 0.3305191 -0.3637410 0.5995730
1654674606.488301 3.7683420 -2.6052132 3.0571089 -0.6286661 0.3278848 -0.3637535 0.6035398
1654674606.788805 3.7859423 -2.6138663 3.0524082 -0.6292096 0.3281688 -0.3650035 0.6020585
1654674607.088932 3.8336711 -2.6803317 3.0559373 -0.6250479 0.3344167 -0.3702120 0.5996630
1654674607.488811 3.8973866 -2.7678051 3.0622046 -0.6210850 0.3423662 -0.3769490 0.5951805
1654674607.688689 3.9233563 -2.8012648 3.0640593 -0.6192858 0.3456684 -0.3802297 0.5930520
1654674607.988817 3.9771879 -2.8807826 3.0559752 -0.6164279 0.3507753 -0.3854455 0.5895372
1654674608.288570 4.0609198 -3.0201206 3.0638020 -0.6122649 0.3575413 -0.3903595 0.5864553
1654674608.488449 4.1204529 -3.1144536 3.0615714 -0.6104651 0.3611923 -0.3935534 0.5838354
1654674608.688451 4.1781082 -3.2181578 3.0711422 -0.6079145 0.3641747 -0.3957586 0.5831546
1654674608.988204 4.2683525 -3.3725743 3.0663781 -0.6055687 0.3693497 -0.3999497 0.5794605
1654674609.188456 4.3293204 -3.4848797 3.0695467 -0.6024207 0.3737646 -0.4031201 0.5775948
1654674609.488584 4.4204221 -3.6610823 3.0708623 -0.5986390 0.3799849 -0.4073181 0.5743934
1654674609.789088 4.5199165 -3.8485539 3.0701487 -0.5947694 0.3853348 -0.4120722 0.5712108
1654674610.089215 4.6012068 -4.0310555 3.0748534 -0.5914514 0.3913221 -0.4163866 0.5675563
1654674610.388969 4.6875610 -4.2296906 3.0763934 -0.5871285 0.3971950 -0.4210993 0.5643569
1654674610.688972 4.7737513 -4.4216003 3.0709229 -0.5833515 0.4031022 -0.4262021 0.5599850
1654674610.888974 4.8143907 -4.5386209 3.0679846 -0.5800871 0.4074287 -0.4296406 0.5576145
1654674611.088852 4.8606215 -4.6597853 3.0649865 -0.5768775 0.4109918 -0.4330389 0.5556995
1654674611.288355 4.8955612 -4.7625046 3.0599890 -0.5739246 0.4159675 -0.4371282 0.5518327
1654674611.488231 4.9310112 -4.8715177 3.0603149 -0.5708239 0.4201894 -0.4412883 0.5485238
1654674611.688610 4.9781795 -4.9836564 3.0603647 -0.5674766 0.4245116 -0.4447348 0.5458775
1654674611.888111 5.0105829 -5.0745182 3.0558975 -0.5649588 0.4286174 -0.4490784 0.5416943
1654674612.088114 5.0411868 -5.1718950 3.0559723 -0.5612779 0.4335996 -0.4530964 0.5383226
1654674612.287990 5.0944524 -5.2986593 3.0461154 -0.5572783 0.4379474 -0.4568692 0.5355013
1654674612.488368 5.1237855 -5.3942695 3.0391006 -0.5539094 0.4427992 -0.4612591 0.5312166
1654674612.888622 5.1787386 -5.6067839 3.0370429 -0.5465421 0.4516213 -0.4685223 0.5250230
1654674613.088500 5.2065287 -5.7127643 3.0337422 -0.5435103 0.4561018 -0.4722094 0.5211031
1654674613.188750 5.2187381 -5.7656660 3.0347083 -0.5417670 0.4583412 -0.4740293 0.5194294
1654674613.288877 5.2314405 -5.8195796 3.0361397 -0.5396725 0.4606598 -0.4759347 0.5178071
1654674613.488754 5.2553301 -5.9217463 3.0369110 -0.5363379 0.4649819 -0.4796828 0.5140609
1654674613.588880 5.2668309 -5.9703059 3.0353186 -0.5346020 0.4673589 -0.4816867 0.5118198
1654674613.789258 5.2852640 -6.0713768 3.0327978 -0.5304031 0.4720202 -0.4856901 0.5081071
1654674614.288388 5.2883668 -6.1246834 3.0350831 -0.5312636 0.4719260 -0.4851390 0.5082494
1654674614.388139 5.2797980 -6.1044383 3.0375462 -0.5326795 0.4700606 -0.4841892 0.5095377
1654674614.588391 5.2734618 -6.1056824 3.0395191 -0.5327507 0.4695386 -0.4843256 0.5099503
1654674614.788768 5.2867098 -6.1528225 3.0329123 -0.5296227 0.4734572 -0.4864056 0.5073089
1654674615.188523 5.2827759 -6.1361799 3.0343540 -0.5314075 0.4708826 -0.4853170 0.5090044
1654674615.388400 5.2834482 -6.1195574 3.0309951 -0.5330633 0.4694344 -0.4838139 0.5100335
1654674615.688529 5.2828016 -6.1580572 3.0370469 -0.5305716 0.4719831 -0.4852645 0.5090439
1654674615.888781 5.2999315 -6.1919045 3.0331120 -0.5293646 0.4736109 -0.4860075 0.5076346
1654674616.689539 5.2878265 -6.2752028 3.1480653 -0.5307434 0.4692899 -0.4846438 0.5112102
1654674616.889916 5.2922964 -6.3326163 3.1856968 -0.5286636 0.4685480 -0.4839266 0.5144584
1654674617.189544 5.2984271 -6.3919063 3.2231135 -0.5303665 0.4678713 -0.4824477 0.5145644
1654674617.589674 5.2921090 -6.5266023 3.2988477 -0.5307704 0.4653327 -0.4792777 0.5195664
1654674618.189806 5.3108139 -6.7635059 3.3414936 -0.5312143 0.4619549 -0.4763751 0.5248114
1654674618.789438 5.2816639 -7.0998936 3.3809383 -0.5326210 0.4567867 -0.4700194 0.5337576
1654674618.889564 5.2984910 -7.1525459 3.3736408 -0.5324805 0.4560250 -0.4688055 0.5356254
1654674619.189567 5.2667675 -7.3035703 3.3817036 -0.5330621 0.4537180 -0.4663042 0.5393247
1654674619.289318 5.2850642 -7.3383789 3.3774467 -0.5323278 0.4530960 -0.4659227 0.5406633
1654674619.388943 5.3178806 -7.3525476 3.3859324 -0.5321552 0.4528219 -0.4656399 0.5410608
1654674619.489195 5.3443255 -7.3394775 3.4154563 -0.5319797 0.4527302 -0.4661866 0.5403374
1654674619.689073 5.3845096 -7.3204145 3.4744644 -0.5338389 0.4524414 -0.4671419 0.5376258
1654674619.788825 5.4438105 -7.3409314 3.4831572 -0.5368779 0.4499381 -0.4680325 0.5356415
1654674619.888950 5.4574375 -7.3356428 3.5168827 -0.5376929 0.4496031 -0.4684220 0.5347483
1654674619.989077 5.4688139 -7.3341236 3.5517404 -0.5389813 0.4488553 -0.4687989 0.5337283
1654674620.389580 5.4962196 -7.3476071 3.6875916 -0.5458979 0.4449825 -0.4694217 0.5296841
1654674621.389341 5.4701176 -7.4245396 4.0081062 -0.5552894 0.4402832 -0.4679029 0.5256165
1654674621.489468 5.4625964 -7.4299297 4.0379725 -0.5555714 0.4403137 -0.4677649 0.5254065
1654674621.689346 5.4465594 -7.4380851 4.0954742 -0.5561711 0.4404637 -0.4673606 0.5249763
1654674621.789470 5.4376755 -7.4416041 4.1245646 -0.5564237 0.4403948 -0.4674315 0.5246862
1654674622.189225 5.3914819 -7.4492259 4.2438717 -0.5571232 0.4408227 -0.4672114 0.5241774
1654674622.388978 5.3692064 -7.4522071 4.2978616 -0.5574997 0.4409965 -0.4672018 0.5239286
1654674622.588855 5.3507838 -7.4559703 4.3383241 -0.5575680 0.4410707 -0.4669664 0.5243070
1654674623.088736 5.3506384 -7.4594617 4.3466096 -0.5605556 0.4425425 -0.4661668 0.5211706
1654674623.388240 5.3413768 -7.4621539 4.3567305 -0.5598689 0.4416569 -0.4656363 0.5232875
1654674623.588115 5.3439531 -7.4613523 4.3519917 -0.5604305 0.4419200 -0.4658456 0.5222735
1654674624.087496 5.3323827 -7.4461279 4.3561697 -0.5597937 0.4419480 -0.4649741 0.5238602
1654674624.287748 5.3235464 -7.4091673 4.3492780 -0.5622799 0.4404320 -0.4639491 0.5235248
1654674624.387875 5.3157334 -7.3840084 4.3464050 -0.5635199 0.4386411 -0.4626883 0.5248109
1654674624.788003 5.2765570 -7.2959719 4.3524284 -0.5672563 0.4331628 -0.4577507 0.5296490
1654674624.987880 5.2674026 -7.2577925 4.3470721 -0.5694640 0.4311306 -0.4556939 0.5307108
1654674625.187633 5.2559700 -7.2286310 4.3488383 -0.5705405 0.4284258 -0.4542486 0.5328416
1654674625.387511 5.2412872 -7.1855693 4.3480597 -0.5728474 0.4255394 -0.4507348 0.5356609
1654674625.587763 5.2235165 -7.1221256 4.3425765 -0.5765187 0.4218099 -0.4483469 0.5368122
1654674625.788016 5.1967878 -7.0545864 4.3422542 -0.5787060 0.4172867 -0.4442616 0.5412413
1654674625.988267 5.1668558 -6.9834094 4.3454175 -0.5812950 0.4136823 -0.4401048 0.5446246
1654674626.188020 5.1447229 -6.9144721 4.3407326 -0.5837978 0.4108348 -0.4371674 0.5463337
1654674626.388272 5.1086531 -6.8406429 4.3439221 -0.5859556 0.4068169 -0.4330313 0.5501879
1654674626.488023 5.0862160 -6.7995939 4.3465924 -0.5875968 0.4044569 -0.4312179 0.5517323
1654674626.688276 5.0463657 -6.7147040 4.3424544 -0.5913404 0.3995752 -0.4268192 0.5547056
1654674626.888026 5.0084853 -6.6321888 4.3378339 -0.5947856 0.3950302 -0.4226086 0.5574974
1654674627.087904 4.9653502 -6.5542660 4.3391600 -0.5977017 0.3900669 -0.4188118 0.5608601
1654674627.287781 4.9288173 -6.4803557 4.3355317 -0.6007904 0.3856905 -0.4144838 0.5637972
1654674627.588036 4.8742833 -6.3788610 4.3333774 -0.6047912 0.3796597 -0.4087853 0.5677639
1654674627.888039 4.8193645 -6.2885895 4.3360009 -0.6087836 0.3733184 -0.4020813 0.5723562
1654674628.187917 4.7529898 -6.1830792 4.3381019 -0.6136131 0.3660616 -0.3952384 0.5766416
1654674628.387794 4.7049294 -6.1126981 4.3409877 -0.6166438 0.3606462 -0.3903560 0.5801413
1654674628.687671 4.6354694 -5.9999676 4.3391352 -0.6213605 0.3538027 -0.3836819 0.5838839
1654674628.988050 4.5639372 -5.8919792 4.3408976 -0.6251651 0.3468102 -0.3766620 0.5885761
1654674629.188302 4.5167003 -5.8199625 4.3366466 -0.6280422 0.3421355 -0.3723648 0.5909811
1654674629.388055 4.4659529 -5.7505341 4.3341665 -0.6305672 0.3374439 -0.3679285 0.5937656
1654674629.587933 4.4152627 -5.6857848 4.3307109 -0.6327395 0.3324244 -0.3636442 0.5968128
1654674629.688059 4.3889055 -5.6530957 4.3310404 -0.6341882 0.3300621 -0.3613568 0.5979760
1654674629.887810 4.3367190 -5.5884495 4.3308721 -0.6369727 0.3256094 -0.3567963 0.6001943
1654674629.987936 4.3077645 -5.5571213 4.3332891 -0.6383411 0.3232761 -0.3544923 0.6014751
1654674630.188064 4.2531171 -5.4964643 4.3367548 -0.6406388 0.3186164 -0.3495868 0.6043862
1654674630.388315 4.2002001 -5.4365416 4.3357468 -0.6432195 0.3137612 -0.3451842 0.6067141
1654674630.488442 4.1784744 -5.4080253 4.3312836 -0.6444548 0.3108284 -0.3430130 0.6080409
1654674630.688570 4.1205516 -5.3516898 4.3327107 -0.6467426 0.3058877 -0.3382040 0.6108092
1654674630.888447 4.0626769 -5.2945495 4.3316579 -0.6490989 0.3009736 -0.3336040 0.6132796
1654674631.088198 4.0059662 -5.2368388 4.3275509 -0.6515213 0.2961770 -0.3291345 0.6154606
1654674631.288326 3.9452643 -5.1809611 4.3267841 -0.6538265 0.2909234 -0.3243664 0.6181511
1654674631.588205 3.8597026 -5.0983553 4.3211579 -0.6571532 0.2832015 -0.3173583 0.6217434
1654674631.888207 3.7721968 -5.0225792 4.3230171 -0.6604164 0.2758777 -0.3104138 0.6250807
1654674632.287713 3.6743050 -4.9393530 4.3225799 -0.6639849 0.2677457 -0.3032175 0.6283649
1654674632.587590 3.6399512 -4.9148073 4.3231974 -0.6650296 0.2645860 -0.3013323 0.6295056
1654674633.088471 3.6792123 -4.9464583 4.3191047 -0.6630652 0.2693737 -0.3035938 0.6283656
1654674633.988106 3.7259326 -4.8963966 4.1502590 -0.6658183 0.2683192 -0.3014536 0.6270270
1654674634.287985 3.7379646 -4.8766470 4.0724487 -0.6652500 0.2676556 -0.3004845 0.6283804
1654674634.488611 3.7504275 -4.8483052 3.9995215 -0.6667516 0.2675914 -0.3013078 0.6264141
1654674634.988616 3.7782154 -4.8214040 3.8467848 -0.6655777 0.2661999 -0.3006372 0.6284839
1654674635.188745 3.7982938 -4.8122187 3.7788665 -0.6658276 0.2666441 -0.3010930 0.6278104
1654674635.488249 3.8103402 -4.8056998 3.6958089 -0.6644437 0.2658020 -0.3004706 0.6300274
1654674635.688374 3.8240821 -4.7867799 3.6184371 -0.6656359 0.2658013 -0.3007225 0.6286442
1654674636.088753 3.8336399 -4.7639780 3.4972782 -0.6643051 0.2640192 -0.2993335 0.6313720
1654674636.388632 3.8594446 -4.7492428 3.3842831 -0.6651008 0.2645233 -0.3001863 0.6299133
1654674636.688886 3.8733313 -4.7441692 3.2937520 -0.6635958 0.2637865 -0.2995744 0.6320096
1654674637.088391 3.8854718 -4.7227793 3.1551955 -0.6645135 0.2625915 -0.2994041 0.6317143
1654674638.087527 3.9074147 -4.7037706 2.8901584 -0.6639832 0.2609018 -0.2996481 0.6327647
1654674638.487905 3.8954198 -4.7209926 2.9250412 -0.6602595 0.2607163 -0.2987187 0.6371744
1654674639.587419 3.7943950 -4.6414199 2.9224257 -0.6635551 0.2524452 -0.2917283 0.6404079
1654674639.987297 3.7321043 -4.5814595 2.9000075 -0.6673142 0.2473095 -0.2880512 0.6401680
1654674640.387176 3.6523874 -4.5302072 2.9049280 -0.6683508 0.2415193 -0.2823941 0.6437276
1654674640.787055 3.5262051 -4.4386430 2.9080050 -0.6711071 0.2321379 -0.2729095 0.6483966
1654674640.987559 3.4623685 -4.3925934 2.9009509 -0.6736752 0.2274743 -0.2690605 0.6490803
1654674641.287812 3.3742065 -4.3303509 2.8969381 -0.6758321 0.2211648 -0.2632706 0.6513932
1654674641.787693 3.2189488 -4.2248201 2.8868127 -0.6802733 0.2091136 -0.2524341 0.6549543
1654674642.288073 3.0410666 -4.1171536 2.8851161 -0.6843333 0.1965332 -0.2405216 0.6591006
1654674642.488199 2.9742663 -4.0833459 2.8904610 -0.6850704 0.1920591 -0.2359092 0.6614029
1654674642.688328 2.9052143 -4.0499816 2.8946569 -0.6859205 0.1875880 -0.2313143 0.6634295
1654674643.088457 2.7650084 -3.9710057 2.8853211 -0.6891330 0.1777868 -0.2223680 0.6658590
1654674643.288208 2.6901474 -3.9328814 2.8859427 -0.6901619 0.1723936 -0.2171231 0.6678672
1654674643.488336 2.6144924 -3.8925681 2.8755341 -0.6926035 0.1669066 -0.2126619 0.6682465
1654674643.687963 2.5402646 -3.8624699 2.8784978 -0.6932949 0.1616044 -0.2076278 0.6704174
1654674643.888091 2.4710569 -3.8356752 2.8812444 -0.6940642 0.1573507 -0.2030250 0.6720449
1654674644.287971 2.3281152 -3.7751534 2.8744185 -0.6966537 0.1474435 -0.1940590 0.6742630
1654674644.887352 2.0972023 -3.6882877 2.8725224 -0.7002424 0.1311610 -0.1789405 0.6780909
1654674645.087105 2.0271592 -3.6656270 2.8733938 -0.7009732 0.1269383 -0.1742386 0.6793664
1654674645.287230 1.9573617 -3.6386344 2.8645403 -0.7026030 0.1219502 -0.1703302 0.6795889
1654674645.487734 1.8818759 -3.6178818 2.8670995 -0.7029257 0.1173733 -0.1651952 0.6813313
1654674645.887613 1.7235997 -3.5739121 2.8606422 -0.7054128 0.1066006 -0.1555010 0.6828855
1654674646.087615 1.6404064 -3.5566897 2.8634572 -0.7058067 0.1007578 -0.1496974 0.6846644
1654674646.487869 1.4937830 -3.5230494 2.8564713 -0.7077801 0.0913520 -0.1410169 0.6857930
1654674646.687871 1.4171219 -3.5107613 2.8598552 -0.7080343 0.0864917 -0.1358494 0.6872723
1654674646.888000 1.3372214 -3.4972272 2.8595235 -0.7087631 0.0810104 -0.1307163 0.6881862
1654674647.088125 1.2535604 -3.4794002 2.8509843 -0.7098427 0.0756736 -0.1259721 0.6885024
1654674647.487505 1.0942724 -3.4574585 2.8532188 -0.7105944 0.0652454 -0.1155519 0.6906253
1654674647.687633 1.0209508 -3.4444923 2.8472791 -0.7116510 0.0603929 -0.1114201 0.6906592
1654674647.887384 0.9433795 -3.4367151 2.8507607 -0.7117386 0.0554360 -0.1063176 0.6918540
1654674648.087388 0.8618798 -3.4282589 2.8499033 -0.7123075 0.0498464 -0.1012083 0.6924621
1654674648.287513 0.7761639 -3.4185355 2.8422158 -0.7130645 0.0445315 -0.0962184 0.6926969
1654674648.487267 0.6969374 -3.4143236 2.8449547 -0.7131111 0.0392640 -0.0909083 0.6936876
1654674648.687393 0.6219488 -3.4099865 2.8439405 -0.7134449 0.0346847 -0.0863898 0.6941681
1654674648.887398 0.5447876 -3.4040005 2.8381963 -0.7141204 0.0293944 -0.0817582 0.6942808
1654674649.088023 0.4648200 -3.4016538 2.8403504 -0.7140575 0.0245806 -0.0764646 0.6951388
1654674649.387775 0.3489885 -3.3992941 2.8355744 -0.7147927 0.0167752 -0.0693742 0.6953625
1654674649.587779 0.2724718 -3.3989227 2.8334813 -0.7148182 0.0119591 -0.0647453 0.6958266
1654674649.787532 0.1969840 -3.4013250 2.8350089 -0.7147313 0.0067396 -0.0594664 0.6964607
1654674650.387413 -0.0306126 -3.4074693 2.8296256 -0.7150352 -0.0078764 -0.0450943 0.6972248
1654674650.887294 -0.2279377 -3.4210243 2.8244748 -0.7151663 -0.0207523 -0.0327232 0.6975790
1654674651.087795 -0.3035610 -3.4301081 2.8228445 -0.7151427 -0.0257973 -0.0280297 0.6976418
1654674651.287923 -0.3753864 -3.4372780 2.8180764 -0.7151832 -0.0305868 -0.0234566 0.6975241
1654674651.987804 -0.6382055 -3.4785728 2.8153267 -0.7145496 -0.0478102 -0.0066009 0.6975800
1654674652.488435 -0.8009759 -3.5049734 2.8093615 -0.7140194 -0.0586038 0.0040101 0.6973266
1654674652.888690 -0.9402332 -3.5257492 2.8081505 -0.7133492 -0.0675487 0.0131634 0.6970966
1654674653.988827 -1.2151533 -3.6024148 2.8060079 -0.7117362 -0.0858269 0.0311469 0.6961744
1654674655.088089 -1.3233129 -3.6417804 2.8029959 -0.7108362 -0.0933195 0.0381843 0.6958320
1654674655.788849 -1.3200233 -3.6426380 2.7963982 -0.7108338 -0.0928665 0.0392202 0.6957905
1654674656.189102 -1.3258915 -3.6227665 2.7093673 -0.7134171 -0.0938934 0.0375204 0.6930933
1654674656.589231 -1.3209727 -3.6210594 2.6311009 -0.7119869 -0.0937774 0.0389796 0.6945003
1654674657.289614 -1.3170512 -3.6026371 2.4408264 -0.7117792 -0.0943863 0.0394895 0.6946024
1654674657.489742 -1.3151904 -3.6014552 2.3851271 -0.7115756 -0.0945235 0.0394279 0.6947958
1654674657.689868 -1.3136420 -3.6041508 2.3370082 -0.7105641 -0.0942187 0.0404751 0.6958132
1654674657.889996 -1.3136742 -3.6020036 2.2759907 -0.7108856 -0.0949303 0.0403724 0.6953936
1654674659.289011 -1.3035283 -3.6042938 1.8650596 -0.7092425 -0.0958134 0.0422489 0.6968403
1654674659.789267 -1.2952130 -3.6140831 1.7113957 -0.7085701 -0.0960423 0.0431982 0.6974357
1654674660.188771 -1.2885010 -3.6241803 1.5920335 -0.7078782 -0.0962703 0.0441005 0.6980975
1654674660.388899 -1.2860153 -3.6293237 1.5274581 -0.7079061 -0.0965064 0.0441361 0.6980342
1654674660.788280 -1.2822173 -3.6440330 1.4030112 -0.7071885 -0.0964389 0.0448691 0.6987249
1654674660.988030 -1.2799069 -3.6513586 1.3371702 -0.7072000 -0.0966368 0.0451022 0.6986709
1654674661.387784 -1.2724011 -3.6672614 1.2100940 -0.7066023 -0.0966396 0.0459528 0.6992206
1654674661.587537 -1.2693937 -3.6776588 1.1441845 -0.7065933 -0.0971005 0.0460720 0.6991581
1654674661.887789 -1.2639050 -3.6946781 1.0488517 -0.7062007 -0.0969351 0.0466926 0.6995372
1654674662.087918 -1.2600071 -3.7057695 0.9830925 -0.7062303 -0.0971767 0.0469427 0.6994570
1654674662.288044 -1.2559612 -3.7171369 0.9175200 -0.7061800 -0.0970226 0.0473898 0.6994992
1654674662.588172 -1.2500088 -3.7367859 0.8190613 -0.7061121 -0.0971519 0.0480397 0.6994603
1654674662.988428 -1.2397897 -3.7655771 0.6841406 -0.7062603 -0.0973982 0.0486145 0.6992370
1654674663.188555 -1.2319815 -3.7812295 0.6162929 -0.7063981 -0.0978050 0.0490980 0.6990072
1654674663.388681 -1.2296934 -3.7966254 0.5453379 -0.7066433 -0.0980162 0.0492413 0.6987191
1654674663.788062 -1.2206041 -3.8299868 0.4032101 -0.7071823 -0.0980352 0.0494298 0.6981571
1654674663.988188 -1.2074910 -3.8473806 0.3312887 -0.7075748 -0.0985639 0.0500076 0.6976898
1654674664.187941 -1.1990404 -3.8655996 0.2586291 -0.7080116 -0.0985733 0.0505640 0.6972051
1654674664.587820 -1.1862915 -3.9073749 0.1091683 -0.7084782 -0.0988560 0.0512019 0.6965986
1654674664.687947 -1.1824621 -3.9181271 0.0744842 -0.7088012 -0.0989894 0.0513943 0.6962820
1654674665.487205 -1.1673046 -3.9692054 -0.0860432 -0.7098812 -0.0994833 0.0517056 0.6950863
1654674666.387840 -1.1540214 -4.0112762 -0.2066202 -0.7101684 -0.0995114 0.0524496 0.6947792
1654674666.788219 -1.1501688 -4.0242906 -0.2461518 -0.7105293 -0.0995288 0.0528266 0.6943327
1654674667.188098 -1.1455473 -4.0392470 -0.2908533 -0.7108139 -0.0996643 0.0527259 0.6939827
1654674668.187609 -1.1330864 -4.0751495 -0.3900374 -0.7117813 -0.1000662 0.0532396 0.6928924
1654674668.387237 -1.1314669 -4.0828524 -0.4095364 -0.7121543 -0.0997105 0.0532679 0.6926045
1654674671.188642 -1.1294365 -4.0800037 -0.5421349 -0.7143134 -0.1005146 0.0529538 0.6902828
1654674671.388771 -1.1323898 -4.0526571 -0.5494594 -0.7136872 -0.1000298 0.0536836 0.6909922
1654674671.688648 -1.1426201 -4.0019922 -0.5779361 -0.7143410 -0.0997503 0.0534974 0.6903235
1654674672.388406 -1.1659410 -3.8825154 -0.6449343 -0.7150270 -0.0999214 0.0535989 0.6895795
1654674673.187791 -1.1931000 -3.7448714 -0.7117398 -0.7148638 -0.0991396 0.0534760 0.6898713
1654674673.988174 -1.2171905 -3.6028540 -0.7841043 -0.7152683 -0.0983884 0.0539235 0.6895717
1654674674.187927 -1.2271441 -3.5698302 -0.8135675 -0.7161350 -0.0990302 0.0532244 0.6885853
1654674674.488181 -1.2370746 -3.5137129 -0.8318961 -0.7157348 -0.0979702 0.0538693 0.6891033
1654674675.088311 -1.2571914 -3.4084377 -0.8916424 -0.7161082 -0.0979947 0.0538631 0.6887119
1654674675.387690 -1.2696763 -3.3560436 -0.9247535 -0.7165979 -0.0984442 0.0536894 0.6881514
1654674676.287199 -1.3085349 -3.2030680 -1.0175302 -0.7170430 -0.1002409 0.0532066 0.6875127
1654674676.788080 -1.3239508 -3.1128898 -1.0652694 -0.7175635 -0.0995554 0.0530618 0.6870798
1654674677.987968 -1.3661468 -2.9077103 -1.1741407 -0.7176812 -0.0994690 0.0531805 0.6869120
1654674678.188220 -1.3761976 -2.8750422 -1.2014167 -0.7183161 -0.1003984 0.0528135 0.6861886
1654674679.788114 -1.4301314 -2.6183209 -1.3488249 -0.7193984 -0.1006668 0.0529950 0.6849509
1654674682.687771 -1.4840622 -2.3242798 -1.5152816 -0.7206651 -0.0997298 0.0525578 0.6838365
1654674685.388300 -1.4863942 -2.3121638 -1.5217668 -0.7207747 -0.0996717 0.0529622 0.6837474
1654674685.987682 -1.4857209 -2.3120346 -1.5215605 -0.7207963 -0.0995978 0.0528749 0.6837422
1654674686.488188 -1.4861007 -2.3118424 -1.5215997 -0.7207860 -0.0996663 0.0528901 0.6837417
1654674687.088069 -1.4862477 -2.3115549 -1.5218101 -0.7207766 -0.0997097 0.0529119 0.6837436
1654674687.687576 -1.4860557 -2.3114560 -1.5225263 -0.7209132 -0.0995022 0.0526120 0.6836528
1654674688.188081 -1.4861540 -2.3112524 -1.5225180 -0.7209102 -0.0995862 0.0525777 0.6836463
1654674688.787964 -1.4862890 -2.3110743 -1.5226167 -0.7209194 -0.0996222 0.0525396 0.6836343
1654674689.387470 -1.4863287 -2.3110793 -1.5229951 -0.7210046 -0.0996540 0.0524754 0.6835936
1654674689.888101 -1.4863191 -2.3112097 -1.5229411 -0.7210647 -0.0995099 0.0524779 0.6835510
1654674690.388231 -1.4862547 -2.3111401 -1.5229688 -0.7210412 -0.0996347 0.0524483 0.6835600
1654674690.988238 -1.4863948 -2.3109794 -1.5227593 -0.7210600 -0.0995389 0.0524688 0.6835525
1654674691.588119 -1.4863197 -2.3110089 -1.5228511 -0.7210516 -0.0996053 0.0524243 0.6835551
1654674692.088749 -1.4861244 -2.3108783 -1.5228149 -0.7210523 -0.0996159 0.0525161 0.6835457
1654674692.688631 -1.4861512 -2.3108587 -1.5226895 -0.7210432 -0.0996427 0.0525433 0.6835493
1654674693.288137 -1.4860814 -2.3114517 -1.5230983 -0.7210017 -0.0996843 0.0524796 0.6835918
1654674693.888144 -1.4856262 -2.3114591 -1.5225477 -0.7208579 -0.0996656 0.0528361 0.6837190
1654674694.488025 -1.4855450 -2.3116379 -1.5224152 -0.7208720 -0.0996111 0.0528370 0.6837119
1654674695.087532 -1.4858203 -2.3116486 -1.5231709 -0.7207775 -0.0997443 0.0527050 0.6838024
1654674695.687539 -1.4835500 -2.3100281 -1.5228683 -0.7208964 -0.0995869 0.0525529 0.6837607
1654674696.187794 -1.4845889 -2.3108773 -1.5227612 -0.7208782 -0.0996828 0.0527670 0.6837493
1654674696.787302 -1.4841285 -2.3109326 -1.5223817 -0.7208943 -0.0996624 0.0528076 0.6837323
1654674697.287556 -1.4818921 -2.3106637 -1.5226607 -0.7208219 -0.0996298 0.0524987 0.6838371
1654674697.787938 -1.4825332 -2.3097708 -1.5225939 -0.7208726 -0.0995836 0.0524683 0.6837926
