1654680052.289619 -0.0583801 -0.1805350 0.0650942 -0.7146587 -0.0399428 -0.0081765 0.6982325
1654680053.290882 -0.0609833 -0.2809260 0.1153516 -0.7142520 -0.0409914 -0.0083875 0.6985855
1654680054.490895 -0.0636438 -0.3872114 0.1660570 -0.7128607 -0.0410144 -0.0072637 0.6995007
1654680057.389302 0.0573038 -0.3731315 0.1700303 -0.7136192 -0.0306168 -0.0175731 0.6992484
1654680058.989696 0.1980294 -0.3627357 0.1736575 -0.7139665 -0.0183313 -0.0288217 0.6989958
1654680059.489701 0.1877351 -0.3635935 0.1745560 -0.7140353 -0.0191908 -0.0276496 0.6990044
1654680060.790215 0.0836630 -0.3714782 0.1705143 -0.7138233 -0.0277172 -0.0193186 0.6991663
1654680062.190607 -0.0660747 -0.3880989 0.1660825 -0.7132530 -0.0412022 -0.0072524 0.6992177
1654680064.590384 -0.2848292 -0.4219628 0.1596094 -0.7125566 -0.0606575 0.0103744 0.6984854
1654680067.191538 -0.2759215 -0.4867111 0.1956552 -0.7119959 -0.0598381 0.0100510 0.6991329
1654680069.991569 -0.2568073 -0.6014917 0.2560759 -0.7115870 -0.0585443 0.0090073 0.6997226
1654680071.890964 -0.3791741 -0.6285055 0.2531851 -0.7110379 -0.0700689 0.0204244 0.6990381
1654680074.691370 -0.2815807 -0.6060421 0.2546080 -0.7114388 -0.0615046 0.0111755 0.6995897
1654680075.891259 -0.2555304 -0.6000425 0.2548246 -0.7117935 -0.0588394 0.0093234 0.6994836
1654680078.692915 0.1899078 -0.5459257 0.2675216 -0.7130279 -0.0171701 -0.0289277 0.6999797
1654680081.391695 0.0891862 -0.5544826 0.2648695 -0.7127993 -0.0262413 -0.0198927 0.7002523
1654680083.992348 -0.0688925 -0.5717544 0.2603077 -0.7125631 -0.0416084 -0.0065580 0.7000081
1654680086.290999 -0.0682919 -0.6075976 0.2791428 -0.7122155 -0.0413704 -0.0065629 0.7003763
1654680089.191658 -0.0633697 -0.8289366 0.3917678 -0.7111528 -0.0407111 -0.0053154 0.7015065
1654680090.491046 -0.0560874 -0.9432033 0.4474871 -0.7106442 -0.0408335 -0.0061136 0.7020082
1654680092.791071 -0.0521660 -1.1494919 0.5467098 -0.7095770 -0.0414187 -0.0061154 0.7031046
1654680095.090972 -0.0466333 -1.3154767 0.6271127 -0.7089207 -0.0424694 -0.0058818 0.7037571
1654680095.591352 -0.0480707 -1.3151730 0.6269338 -0.7089816 -0.0423879 -0.0059201 0.7037001
1654680096.190984 -0.0461695 -1.3144674 0.6273206 -0.7089784 -0.0423488 -0.0063260 0.7037019
1654680096.490488 -0.0495766 -1.3108525 0.6564266 -0.7067399 -0.0423755 -0.0060287 0.7059533
1654680096.790740 -0.0515626 -1.3041204 0.7058576 -0.7027183 -0.0423393 -0.0060418 0.7099619
1654680097.090869 -0.0538539 -1.2948980 0.7469215 -0.7005830 -0.0422833 -0.0063727 0.7120711
1654680097.391123 -0.0578369 -1.2840617 0.7954011 -0.6982135 -0.0421300 -0.0055289 0.7143652
1654680097.691003 -0.0595163 -1.2681719 0.8379639 -0.6977915 -0.0419713 -0.0061664 0.7147340
1654680100.391155 -0.0701975 -1.1897601 1.0675260 -0.6972303 -0.0411356 -0.0080322 0.7152633
1654680103.391064 -0.0680891 -1.2346976 1.0815872 -0.6975260 -0.0413449 -0.0079471 0.7150114
1654680106.290347 -0.0851409 -1.2798057 1.0984348 -0.6971205 -0.0425865 -0.0052560 0.7153605
1654680106.590724 -0.1228953 -1.2859486 1.0969350 -0.6971296 -0.0467583 -0.0011115 0.7151120
1654680106.790728 -0.1456042 -1.2906078 1.0967420 -0.6968549 -0.0494003 0.0017669 0.7152025
1654680107.390484 -0.2052310 -1.2997581 1.0947700 -0.6965538 -0.0557831 0.0075652 0.7149920
1654680107.690361 -0.2510510 -1.3087204 1.0933651 -0.6963788 -0.0613477 0.0128800 0.7146336
1654680108.090867 -0.3169409 -1.3225901 1.0932215 -0.6958766 -0.0687528 0.0201774 0.7142843
1654680108.391119 -0.3641421 -1.3346142 1.0911694 -0.6955659 -0.0739783 0.0253522 0.7139027
1654680108.891000 -0.4485932 -1.3568567 1.0882921 -0.6946894 -0.0837364 0.0348151 0.7132850
1654680109.091128 -0.4802429 -1.3662560 1.0881498 -0.6943091 -0.0871644 0.0382754 0.7130695
1654680109.390506 -0.5256914 -1.3800685 1.0856760 -0.6938247 -0.0929130 0.0432180 0.7125356
1654680109.790636 -0.5914026 -1.4004785 1.0851749 -0.6929646 -0.1004674 0.0506822 0.7119023
1654680110.091013 -0.6424259 -1.4176817 1.0826905 -0.6922157 -0.1061419 0.0563768 0.7113399
1654680110.390892 -0.6854607 -1.4339814 1.0807441 -0.6916446 -0.1112871 0.0611127 0.7107206
1654680110.590894 -0.7163037 -1.4449828 1.0797069 -0.6910990 -0.1151783 0.0647954 0.7103075
1654680110.891148 -0.7670583 -1.4632858 1.0766630 -0.6902980 -0.1207732 0.0703072 0.7095954
1654680111.191025 -0.8141582 -1.4823862 1.0745651 -0.6894188 -0.1263739 0.0761051 0.7088804
1654680111.391028 -0.8443588 -1.4938477 1.0728221 -0.6888030 -0.1302388 0.0793231 0.7084290
1654680111.590656 -0.8729420 -1.5061662 1.0705409 -0.6882631 -0.1337113 0.0826871 0.7079244
1654680112.291162 -0.9805220 -1.5569162 1.0649692 -0.6860343 -0.1461825 0.0957619 0.7059430
1654680112.491664 -1.0097077 -1.5709732 1.0653247 -0.6853995 -0.1499413 0.0991410 0.7053459
1654680112.791794 -1.0543367 -1.5906581 1.0616668 -0.6841862 -0.1554667 0.1046774 0.7045320
1654680112.991796 -1.0853925 -1.6047112 1.0626248 -0.6834860 -0.1594803 0.1086536 0.7037520
1654680113.292049 -1.1295770 -1.6281383 1.0587021 -0.6824563 -0.1648207 0.1136673 0.7026578
1654680113.791929 -1.1968771 -1.6683627 1.0547063 -0.6805058 -0.1733893 0.1224451 0.7010182
1654680113.991931 -1.2294908 -1.6858222 1.0543095 -0.6797183 -0.1769456 0.1257784 0.7003058
1654680114.191935 -1.2594761 -1.7034228 1.0528058 -0.6788381 -0.1808535 0.1299011 0.6994113
1654680114.391937 -1.2880999 -1.7210383 1.0494649 -0.6779762 -0.1840106 0.1330350 0.6988022
1654680114.592065 -1.3127918 -1.7340412 1.0482743 -0.6770887 -0.1875927 0.1367308 0.6980351
1654680114.991693 -1.3768071 -1.7691305 1.0444841 -0.6754293 -0.1942511 0.1433329 0.6964670
1654680115.191694 -1.4030863 -1.7889391 1.0429748 -0.6744592 -0.1978020 0.1470914 0.6956269
1654680115.491199 -1.4436219 -1.8155288 1.0403595 -0.6731793 -0.2029217 0.1519109 0.6943940
1654680115.691200 -1.4742216 -1.8351777 1.0389678 -0.6722388 -0.2064469 0.1551166 0.6935270
1654680116.091330 -1.5297462 -1.8716836 1.0380759 -0.6702149 -0.2138582 0.1623962 0.6915787
1654680116.890589 -1.6375175 -1.9496021 1.0323715 -0.6663393 -0.2272649 0.1753016 0.6879320
1654680117.090717 -1.6648469 -1.9710650 1.0312914 -0.6653130 -0.2307807 0.1789138 0.6868276
1654680117.690474 -1.7357842 -2.0323453 1.0277072 -0.6620488 -0.2411476 0.1891348 0.6837139
1654680117.990351 -1.7743056 -2.0627098 1.0248369 -0.6602849 -0.2462105 0.1942066 0.6821673
1654680118.489732 -1.8380435 -2.1168871 1.0190960 -0.6572938 -0.2547332 0.2025223 0.6795400
1654680121.091260 -1.9304999 -2.2016211 1.0112162 -0.6527158 -0.2679699 0.2151803 0.6749945
1654680121.490890 -1.9402033 -2.2123694 1.0117397 -0.6517935 -0.2697266 0.2182714 0.6741951
1654680122.090271 -1.9310093 -2.2015913 1.0111991 -0.6520047 -0.2690119 0.2160993 0.6749481
1654680122.589777 -1.9443084 -2.2036581 1.0503460 -0.6512585 -0.2687247 0.2176151 0.6752967
1654680123.090533 -1.9503164 -2.1928613 1.0873684 -0.6511208 -0.2678051 0.2166037 0.6760662
1654680123.890791 -1.9620572 -2.1778135 1.1485376 -0.6507123 -0.2680607 0.2173589 0.6761428
1654680124.290421 -1.9758153 -2.1759529 1.1807153 -0.6506791 -0.2680888 0.2166395 0.6763683
1654680125.090305 -1.9792458 -2.1633120 1.2399558 -0.6499943 -0.2679352 0.2171501 0.6769226
1654680126.290569 -2.0092754 -2.1565676 1.3279876 -0.6499853 -0.2671516 0.2157295 0.6776955
1654680126.590821 -2.0092974 -2.1519465 1.3480097 -0.6498842 -0.2670706 0.2160040 0.6777102
1654680126.990576 -2.0242634 -2.1504111 1.3775560 -0.6499708 -0.2667536 0.2153811 0.6778973
1654680127.490457 -2.0262203 -2.1457295 1.4171735 -0.6499006 -0.2668807 0.2152430 0.6779588
1654680128.090214 -2.0510349 -2.1496470 1.4662384 -0.6503794 -0.2662055 0.2135789 0.6782360
1654680128.490343 -2.0570257 -2.1490026 1.4865752 -0.6500238 -0.2660250 0.2133665 0.6787145
1654680129.289851 -2.1023140 -2.1562507 1.5238272 -0.6494105 -0.2650439 0.2112174 0.6803539
1654680129.790107 -2.1268423 -2.1636653 1.5456928 -0.6482995 -0.2648659 0.2094219 0.6820338
1654680129.990109 -2.1390026 -2.1644995 1.5564946 -0.6480581 -0.2644987 0.2089054 0.6825632
1654680130.190237 -2.1547060 -2.1747220 1.5625075 -0.6474288 -0.2644306 0.2077367 0.6834620
1654680130.589991 -2.1959486 -2.1973276 1.5859140 -0.6469438 -0.2637080 0.2053154 0.6849522
1654680130.789994 -2.2227423 -2.2235837 1.5922494 -0.6467316 -0.2631525 0.2036012 0.6858491
1654680131.390625 -2.3362134 -2.3580768 1.6263282 -0.6471916 -0.2603664 0.1982777 0.6880521
1654680131.690504 -2.4234238 -2.4779308 1.6486077 -0.6483924 -0.2575409 0.1951303 0.6888502
1654680131.790755 -2.4536619 -2.5173719 1.6531067 -0.6486952 -0.2567874 0.1940761 0.6891696
1654680131.990381 -2.5199845 -2.6185141 1.6536762 -0.6495028 -0.2542713 0.1915815 0.6900358
1654680132.190383 -2.5939415 -2.7348800 1.6518263 -0.6504964 -0.2513612 0.1893093 0.6907319
1654680132.590138 -2.7628546 -2.9534183 1.6685073 -0.6525153 -0.2454158 0.1846394 0.6922163
1654680132.690264 -2.8097494 -3.0258751 1.6585619 -0.6529992 -0.2434753 0.1833553 0.6927857
1654680132.890392 -2.9077373 -3.1602037 1.6533633 -0.6541265 -0.2395853 0.1806515 0.6937549
1654680133.090518 -3.0054083 -3.2921832 1.6473027 -0.6550680 -0.2361812 0.1779526 0.6947250
1654680133.290520 -3.0990677 -3.4031286 1.6562253 -0.6560884 -0.2331192 0.1752048 0.6954562
1654680133.490524 -3.1960254 -3.5215797 1.6664090 -0.6573177 -0.2301584 0.1727937 0.6958776
1654680133.690275 -3.2930753 -3.6589577 1.6625118 -0.6583399 -0.2265122 0.1697758 0.6968440
1654680134.191031 -3.5212059 -3.9467676 1.6928340 -0.6610184 -0.2195489 0.1630788 0.6981143
1654680134.291282 -3.5644279 -3.9918935 1.7052524 -0.6615971 -0.2184318 0.1618952 0.6981872
1654680134.491283 -3.6513615 -4.0862770 1.7317979 -0.6626269 -0.2158616 0.1591570 0.6986629
1654680134.591536 -3.6983037 -4.1542583 1.7269820 -0.6629362 -0.2144350 0.1577045 0.6991032
1654680134.991664 -3.9080930 -4.3995724 1.7576418 -0.6653628 -0.2082706 0.1516605 0.6999826
1654680135.191668 -3.9932971 -4.4925985 1.7735323 -0.6662238 -0.2058299 0.1488580 0.7004448
1654680135.391794 -4.0720434 -4.5749278 1.7903249 -0.6670687 -0.2039810 0.1466850 0.7006307
1654680135.691673 -4.1749883 -4.6558509 1.8472984 -0.6688989 -0.2015284 0.1440804 0.7001535
1654680135.891674 -4.2493477 -4.7358742 1.8678765 -0.6699339 -0.1997201 0.1423848 0.7000220
1654680136.191554 -4.3405180 -4.8078251 1.9307672 -0.6717910 -0.1979075 0.1401633 0.6992601
1654680136.591308 -4.4741368 -4.9291539 2.0030577 -0.6738402 -0.1949957 0.1360768 0.6989353
1654680136.691059 -4.4985690 -4.9459124 2.0235991 -0.6742409 -0.1946659 0.1352427 0.6988360
1654680136.891186 -4.5523710 -4.9977474 2.0490773 -0.6750808 -0.1931856 0.1335331 0.6987594
1654680137.291316 -4.6363268 -5.0559521 2.1195991 -0.6767641 -0.1916574 0.1312608 0.6980441
1654680137.490942 -4.6879678 -5.1042662 2.1417606 -0.6775500 -0.1906682 0.1298757 0.6978107
1654680137.690944 -4.7352300 -5.1333990 2.1709406 -0.6783515 -0.1896916 0.1285321 0.6975807
1654680138.290326 -4.9071331 -5.2371969 2.2513316 -0.6805573 -0.1864865 0.1244519 0.6970615
1654680138.690457 -5.0482855 -5.3017254 2.2889397 -0.6819744 -0.1836009 0.1222443 0.6968310
1654680138.890208 -5.1229591 -5.3312502 2.3022664 -0.6825706 -0.1819272 0.1210074 0.6968977
1654680139.089709 -5.2115245 -5.3680115 2.3049829 -0.6831505 -0.1800610 0.1199685 0.6969985
1654680139.289338 -5.2962546 -5.3920493 2.3158383 -0.6836526 -0.1781837 0.1187530 0.6971928
1654680139.489464 -5.3941841 -5.4285965 2.3178103 -0.6841001 -0.1760842 0.1177341 0.6974203
1654680139.889219 -5.5979633 -5.4786739 2.3347352 -0.6852971 -0.1718016 0.1154442 0.6976979
1654680140.089221 -5.6972022 -5.5017595 2.3352923 -0.6856514 -0.1696443 0.1141964 0.6980796
1654680140.489727 -5.9034395 -5.5439610 2.3382068 -0.6867190 -0.1653115 0.1121349 0.6984425
1654680140.689477 -6.0059061 -5.5650692 2.3400340 -0.6872107 -0.1631630 0.1110741 0.6986745
1654680141.289235 -6.3162694 -5.6426225 2.3248675 -0.6883962 -0.1560658 0.1079312 0.6995812
1654680141.689364 -6.3752518 -5.6693664 2.3243437 -0.6886917 -0.1544715 0.1069204 0.6997535
1654680142.488748 -6.3849101 -5.6941247 2.3618708 -0.6896968 -0.1540579 0.1059961 0.6989886
1654680145.388654 -6.3952179 -5.7174864 2.4797831 -0.6924795 -0.1534104 0.1038119 0.6968172
1654680147.588429 -6.3947148 -5.7007570 2.4696522 -0.6930109 -0.1534349 0.1030930 0.6964808
1654680147.988183 -6.3947392 -5.7029557 2.4660554 -0.6931589 -0.1534645 0.1028706 0.6963218
1654680148.488940 -6.3970470 -5.7068276 2.4554491 -0.6929020 -0.1535717 0.1029424 0.6964677
1654680148.988945 -6.3607302 -5.7015305 2.4483690 -0.6925439 -0.1543596 0.1037560 0.6965325
1654680151.889477 -6.1032972 -5.6264458 2.4341948 -0.6878101 -0.1763283 0.1229358 0.6929067
1654680154.588006 -5.8835535 -5.5711942 2.4181955 -0.6830037 -0.1957552 0.1403365 0.6891528
1654680157.089286 -5.8229618 -5.5492420 2.3945508 -0.6806903 -0.2030765 0.1472025 0.6878998
1654680159.689690 -5.8115873 -5.5540476 2.3906660 -0.6798356 -0.2062978 0.1502866 0.6870874
1654680162.389095 -5.8077908 -5.5467496 2.3925610 -0.6799411 -0.2060626 0.1504262 0.6870574
1654680165.388878 -5.8062716 -5.5331669 2.3797455 -0.6789525 -0.2055497 0.1508122 0.6882065
1654680168.088658 -5.7981505 -5.5522885 2.4061430 -0.6800846 -0.2045230 0.1504065 0.6874471
1654680170.588810 -5.7991648 -5.5553331 2.3778605 -0.6800682 -0.2030707 0.1508453 0.6877636
1654680173.488467 -5.7970662 -5.5575686 2.3875990 -0.6823953 -0.2032236 0.1502856 0.6854597
1654680176.088872 -5.8048053 -5.5710807 2.3835897 -0.6844605 -0.2048349 0.1487109 0.6832218
1654680178.789277 -5.8260970 -5.5653248 2.3654022 -0.6834093 -0.2055670 0.1491216 0.6839671
1654680181.589433 -5.8285837 -5.5628614 2.3634269 -0.6829857 -0.2063745 0.1488963 0.6842314
1654680184.391590 -5.8224258 -5.5745230 2.3920548 -0.6836863 -0.2042066 0.1468490 0.6846565
1654680186.692365 -5.5343347 -5.5028868 2.4792547 -0.6898801 -0.1851587 0.1243962 0.6883048
1654680186.992244 -5.4644113 -5.4774303 2.4956253 -0.6908212 -0.1822394 0.1202717 0.6889064
1654680187.292123 -5.3969331 -5.4521155 2.5067391 -0.6915538 -0.1792293 0.1160524 0.6897194
1654680187.592125 -5.3095360 -5.4104056 2.5244112 -0.6924863 -0.1762256 0.1123107 0.6902124
1654680187.991880 -5.1941772 -5.3706226 2.5417204 -0.6937342 -0.1721397 0.1070096 0.6908286
1654680188.291759 -5.0990639 -5.3344951 2.5696769 -0.6946601 -0.1688646 0.1035207 0.6912746
1654680188.591762 -5.0119729 -5.2996278 2.5884218 -0.6958224 -0.1653951 0.0987675 0.6916365
1654680188.891640 -4.9281712 -5.2619715 2.6014380 -0.6962997 -0.1623677 0.0953517 0.6923505
1654680189.791026 -4.7044625 -5.1376801 2.6312575 -0.6984465 -0.1523833 0.0833079 0.6940430
1654680190.090903 -4.6383739 -5.0966187 2.6401989 -0.6987011 -0.1492686 0.0795048 0.6948652
1654680190.390783 -4.5769534 -5.0537853 2.6451595 -0.6994057 -0.1457713 0.0755272 0.6953396
1654680190.690660 -4.5220094 -5.0201612 2.6494703 -0.6996478 -0.1418016 0.0714987 0.6962548
1654680191.989675 -4.3368254 -4.9216785 2.6436257 -0.7017462 -0.1240183 0.0536063 0.6989908
1654680194.490453 -4.1366167 -4.9289775 2.6686690 -0.7063169 -0.0854300 0.0171373 0.7018661
1654680194.690455 -4.1260905 -4.9379182 2.6561685 -0.7062865 -0.0821672 0.0144616 0.7022467
1654680195.090209 -4.0883193 -4.9447355 2.6619589 -0.7067940 -0.0759720 0.0079377 0.7025275
1654680197.291110 -3.9080505 -5.0325227 2.7052317 -0.7094118 -0.0421309 -0.0235393 0.7024879
1654680198.090617 -3.8837626 -5.0229607 2.7183208 -0.7098007 -0.0292453 -0.0353729 0.7023457
1654680198.490747 -3.8748939 -5.0247827 2.7181976 -0.7098734 -0.0220261 -0.0413416 0.7022036
1654680198.690749 -3.8804901 -5.0277491 2.7156715 -0.7097315 -0.0181828 -0.0442548 0.7022223
1654680199.090630 -3.8798537 -5.0249939 2.7201266 -0.7098882 -0.0110218 -0.0506994 0.7017143
1654680199.290256 -3.8896751 -5.0446110 2.7095714 -0.7095816 -0.0072746 -0.0544613 0.7016772
1654680200.090141 -3.8931308 -5.0971498 2.6980870 -0.7091837 0.0071887 -0.0659388 0.7007381
1654680202.890296 -3.9520674 -5.1967888 2.6600826 -0.7053112 0.0569512 -0.1112318 0.6963609
1654680205.790080 -3.9427309 -5.2663908 2.6537125 -0.7001240 0.1001138 -0.1528188 0.6892290
1654680206.889842 -3.8145542 -5.3330536 2.6740401 -0.6980596 0.1169090 -0.1688762 0.6856416
1654680206.990092 -3.8011444 -5.3392239 2.6748083 -0.6976427 0.1185172 -0.1704155 0.6854082
1654680207.289972 -3.7629604 -5.3555470 2.6759851 -0.6968442 0.1234248 -0.1747368 0.6843323
1654680207.490222 -3.7434471 -5.3651853 2.6768129 -0.6962382 0.1260147 -0.1772142 0.6838390
1654680207.889853 -3.6967669 -5.3857703 2.6777780 -0.6949993 0.1320918 -0.1830425 0.6824139
1654680208.489734 -3.6288157 -5.4124236 2.6787622 -0.6930608 0.1406110 -0.1913043 0.6803403
1654680208.689862 -3.6057858 -5.4241676 2.6803355 -0.6922967 0.1440236 -0.1944810 0.6795020
1654680211.590893 -3.4446411 -5.4946895 2.6854742 -0.6875156 0.1636351 -0.2133103 0.6743107
1654680214.590553 -3.3447475 -5.5392523 2.6862681 -0.6838109 0.1763367 -0.2259110 0.6706824
1654680217.590461 -3.3395588 -5.5417719 2.6870339 -0.6835394 0.1776289 -0.2262314 0.6705104
1654680220.391367 -3.3659220 -5.5766144 2.8460226 -0.6824386 0.1782741 -0.2271694 0.6712188
1654680223.090523 -3.3712375 -5.5859051 2.8860595 -0.6837758 0.1790352 -0.2268076 0.6697748
1654680225.790927 -3.3531959 -5.5609941 2.7910304 -0.6848636 0.1790287 -0.2262204 0.6688623
1654680226.890439 -3.3421183 -5.5450048 2.7112515 -0.6845288 0.1781447 -0.2258630 0.6695620
1654680229.591595 -3.3245163 -5.5178828 2.5658600 -0.6825500 0.1766444 -0.2260342 0.6718445
1654680231.790745 -3.3148105 -5.5068007 2.4753981 -0.6810775 0.1757492 -0.2259133 0.6736886
1654680233.890517 -3.3058386 -5.4919677 2.3603687 -0.6796032 0.1746159 -0.2258915 0.6754046
1654680234.791153 -3.3020177 -5.4861040 2.3007472 -0.6785014 0.1739710 -0.2258234 0.6767019
1654680235.991291 -3.2948799 -5.4794602 2.2197700 -0.6774463 0.1730609 -0.2257956 0.6780753
1654680236.291169 -3.2930686 -5.4776258 2.1978269 -0.6772358 0.1729076 -0.2257665 0.6783345
1654680237.490933 -3.2881365 -5.4738288 2.1110709 -0.6759794 0.1717642 -0.2256050 0.6799313
1654680237.790812 -3.2889578 -5.4733047 2.0880997 -0.6756225 0.1715897 -0.2255226 0.6802854
1654680238.091566 -3.2869039 -5.4693642 2.0619352 -0.6754379 0.1712715 -0.2254146 0.6805849
1654680238.691821 -3.2846179 -5.4687972 2.0061870 -0.6745585 0.1709826 -0.2253375 0.6815559
1654680239.091576 -3.2834506 -5.4687591 1.9681165 -0.6741377 0.1704975 -0.2253056 0.6821043
1654680239.491705 -3.2827237 -5.4687519 1.9277890 -0.6735544 0.1700841 -0.2251759 0.6828274
1654680240.191714 -3.2807078 -5.4699869 1.8512700 -0.6728797 0.1690014 -0.2248643 0.6838645
1654680241.092223 -3.2801762 -5.4733810 1.7429410 -0.6717348 0.1680628 -0.2244774 0.6853485
1654680241.693356 -3.2817056 -5.4774647 1.6692146 -0.6709554 0.1674241 -0.2243671 0.6863047
1654680241.993233 -3.2817152 -5.4814596 1.6322188 -0.6705958 0.1670317 -0.2241350 0.6868280
1654680242.293612 -3.2822874 -5.4838371 1.5952808 -0.6703498 0.1663938 -0.2239662 0.6872783
1654680242.593864 -3.2855134 -5.4887214 1.5605481 -0.6701180 0.1662789 -0.2236250 0.6875740
1654680243.193747 -3.2858884 -5.4933920 1.4911175 -0.6699181 0.1659876 -0.2232782 0.6880221
1654680243.493626 -3.2880821 -5.4981747 1.4543562 -0.6697760 0.1655946 -0.2230062 0.6883437
1654680244.093383 -3.2918892 -5.5068254 1.3888432 -0.6695496 0.1650525 -0.2227833 0.6887665
1654680246.892288 -3.3046277 -5.5420518 1.1834872 -0.6693581 0.1639810 -0.2210024 0.6898521
1654680248.893435 -3.3063166 -5.5467868 1.1694657 -0.6690956 0.1636219 -0.2210781 0.6902367
1654680249.493191 -3.3058960 -5.5463881 1.1693051 -0.6689943 0.1637877 -0.2211330 0.6902779
1654680249.793070 -3.3064547 -5.5468779 1.1708944 -0.6688646 0.1637494 -0.2208862 0.6904919
1654680250.392452 -3.3187981 -5.5423846 1.1694469 -0.6693782 0.1617588 -0.2195938 0.6908074
1654680250.692331 -3.3499405 -5.5222449 1.1684542 -0.6708177 0.1563355 -0.2141757 0.6923609
1654680250.992583 -3.3764629 -5.5139132 1.1683196 -0.6720167 0.1523686 -0.2102269 0.6932934
1654680251.292836 -3.3985121 -5.5114040 1.1690524 -0.6724589 0.1492980 -0.2070721 0.6944157
1654680251.792717 -3.4481683 -5.4965906 1.1691853 -0.6745388 0.1420410 -0.2005932 0.6958234
1654680252.192847 -3.4830956 -5.4824300 1.1652460 -0.6756701 0.1366066 -0.1959593 0.6970696
1654680252.492726 -3.5003638 -5.4660349 1.1645110 -0.6763972 0.1335142 -0.1922628 0.6979945
1654680252.792104 -3.5355096 -5.4569640 1.1627135 -0.6775360 0.1281488 -0.1878719 0.6990278
1654680253.091983 -3.5806165 -5.4534192 1.1628664 -0.6786372 0.1224143 -0.1826838 0.7002361
1654680253.291985 -3.6067016 -5.4518986 1.1653953 -0.6796391 0.1194305 -0.1802153 0.7004842
1654680253.791615 -3.7087007 -5.4899426 1.1798999 -0.6817570 0.1118774 -0.1731016 0.7014068
1654680254.291496 -3.8729391 -5.5909057 1.2131031 -0.6841283 0.1039061 -0.1640881 0.7024328
1654680254.691251 -4.0222435 -5.6695757 1.2395439 -0.6854457 0.0988566 -0.1583025 0.7031469
1654680254.891628 -4.1220598 -5.7205253 1.2465887 -0.6859612 0.0966901 -0.1555474 0.7034395
1654680255.091754 -4.2112579 -5.7681217 1.2661132 -0.6868089 0.0935514 -0.1521374 0.7037855
1654680255.292257 -4.3053370 -5.8224993 1.2831777 -0.6877273 0.0907636 -0.1492491 0.7038127
1654680255.892889 -4.6161561 -6.0083880 1.3491340 -0.6899267 0.0824372 -0.1397408 0.7045846
1654680256.093015 -4.7537622 -6.0776134 1.3721279 -0.6902981 0.0800946 -0.1366395 0.7049233
1654680256.293143 -4.8687515 -6.1356297 1.4072906 -0.6918155 0.0772263 -0.1336565 0.7043886
1654680256.692771 -5.1083522 -6.2625170 1.4793792 -0.6939458 0.0729091 -0.1275260 0.7040744
1654680256.892899 -5.2402229 -6.3278494 1.5133705 -0.6950340 0.0706880 -0.1241829 0.7038279
1654680257.092526 -5.3751922 -6.3923187 1.5481417 -0.6960763 0.0679563 -0.1205982 0.7037525
1654680257.192779 -5.4440370 -6.4248505 1.5659015 -0.6964101 0.0667358 -0.1189730 0.7038172
1654680257.792160 -5.8463354 -6.6027212 1.6623359 -0.6985888 0.0601223 -0.1101548 0.7037555
1654680257.992161 -5.9791780 -6.6528969 1.6895134 -0.6994297 0.0571830 -0.1069995 0.7036543
1654680258.192290 -6.1036501 -6.6973100 1.7155628 -0.7001024 0.0538825 -0.1031810 0.7038775
1654680258.492167 -6.2697358 -6.7794247 1.7504801 -0.7003798 0.0524680 -0.1029747 0.7036802
1654680258.692169 -6.3291817 -6.7969098 1.7493634 -0.7002088 0.0514551 -0.1034642 0.7037939
1654680259.192552 -6.4318738 -6.8109527 1.7652496 -0.7009547 0.0469418 -0.0972660 0.7042553
1654680259.792807 -6.4166088 -6.8304939 1.7781647 -0.7011831 0.0504113 -0.1029541 0.7030885
1654680260.092685 -6.4390140 -6.8322144 1.7784858 -0.7012404 0.0482067 -0.1001579 0.7036520
1654680260.392564 -6.4405622 -6.8348045 1.7701081 -0.7009845 0.0487464 -0.1012235 0.7036586
1654680260.793193 -6.4293070 -6.8503861 1.6965593 -0.7014881 0.0484573 -0.1021717 0.7029780
1654680261.393826 -6.4425259 -6.8900061 1.5504776 -0.7026396 0.0470511 -0.1002305 0.7022608
1654680261.793955 -6.4318991 -6.9261909 1.4540825 -0.7020746 0.0483175 -0.1017075 0.7025858
1654680261.994082 -6.4349828 -6.9413838 1.3950610 -0.7035615 0.0477890 -0.1015476 0.7012123
1654680262.193710 -6.4444704 -6.9594383 1.3452747 -0.7030221 0.0473910 -0.1006047 0.7019178
1654680262.593837 -6.4526763 -6.9965830 1.2338315 -0.7041206 0.0472970 -0.1009875 0.7007646
1654680263.593475 -6.4672046 -7.0948329 0.9670283 -0.7054307 0.0478735 -0.1004062 0.6994870
1654680263.793477 -6.4708791 -7.1162686 0.9078635 -0.7058302 0.0482303 -0.1002507 0.6990816
1654680266.692259 -6.4794517 -7.2677088 0.4846287 -0.7084350 0.0487241 -0.0981948 0.6968785
1654680267.492516 -6.4836693 -7.2686591 0.4621591 -0.7099985 0.0469195 -0.0986182 0.6953467
1654680268.593154 -6.4675827 -7.1993175 0.4257588 -0.7097941 0.0462889 -0.0987536 0.6956410
1654680268.993284 -6.4506793 -7.1334558 0.4041722 -0.7087496 0.0472696 -0.0987590 0.6966397
1654680269.792418 -6.4199114 -6.9610858 0.3018690 -0.7106397 0.0454978 -0.0994852 0.6947238
1654680270.993307 -6.3451796 -6.6556954 0.1506443 -0.7108528 0.0468163 -0.0992524 0.6943901
1654680271.393060 -6.3177891 -6.5448699 0.1023998 -0.7103879 0.0477518 -0.0990812 0.6947658
1654680271.992818 -6.2823172 -6.3709521 0.0124858 -0.7106930 0.0472871 -0.0989881 0.6944371
1654680272.593074 -6.2321782 -6.1854854 -0.0740151 -0.7110708 0.0482781 -0.0987655 0.6940748
1654680273.192831 -6.1902351 -6.0017009 -0.1670146 -0.7112203 0.0485336 -0.0984620 0.6939469
1654680274.093341 -6.1278901 -5.7284269 -0.3184564 -0.7125300 0.0483204 -0.0984169 0.6926214
1654680274.593221 -6.0979214 -5.5762630 -0.3980944 -0.7125770 0.0477626 -0.0989827 0.6925305
1654680274.792849 -6.0858340 -5.5158110 -0.4324506 -0.7131137 0.0471464 -0.0991398 0.6920587
1654680275.192477 -6.0580544 -5.3961239 -0.4880144 -0.7127140 0.0475544 -0.0988364 0.6924866
1654680275.792234 -6.0103788 -5.2162142 -0.5771171 -0.7129580 0.0480439 -0.0989210 0.6922510
1654680276.592370 -5.9600372 -4.9817686 -0.7039328 -0.7136609 0.0478631 -0.0987821 0.6914958
1654680278.192636 -5.8557129 -4.5064964 -0.9665079 -0.7151096 0.0468177 -0.0992551 0.6899992
1654680278.492515 -5.8332982 -4.4160929 -1.0134008 -0.7152865 0.0472500 -0.0988290 0.6898475
1654680278.792393 -5.8042512 -4.3257675 -1.0573792 -0.7150367 0.0482108 -0.0988959 0.6900306
1654680281.391673 -5.5967331 -3.6625845 -1.3546582 -0.7159227 0.0564765 -0.0933450 0.6894470
1654680284.192203 -5.5943508 -3.6634378 -1.3567261 -0.7156148 0.0560433 -0.0926694 0.6898934
1654680284.692209 -5.5962038 -3.6629446 -1.3557734 -0.7156867 0.0563314 -0.0929457 0.6897582
1654680285.092339 -5.5955439 -3.6625843 -1.3554229 -0.7157120 0.0563816 -0.0926921 0.6897621
1654680285.392218 -5.5958486 -3.6626275 -1.3556426 -0.7156987 0.0563392 -0.0927555 0.6897707
1654680285.892222 -5.5957522 -3.6628635 -1.3555956 -0.7156850 0.0563600 -0.0927011 0.6897906
1654680286.491604 -5.5958672 -3.6622050 -1.3553925 -0.7157165 0.0564233 -0.0926947 0.6897536
1654680286.991610 -5.5959578 -3.6630104 -1.3557159 -0.7156584 0.0563932 -0.0926836 0.6898178
1654680287.591367 -5.5959635 -3.6626914 -1.3555033 -0.7157034 0.0563782 -0.0927035 0.6897697
1654680288.091747 -5.5945477 -3.6620450 -1.3559948 -0.7157413 0.0563002 -0.0927649 0.6897905
1654680288.591753 -5.5946760 -3.6621413 -1.3562080 -0.7157180 0.0562814 -0.0928235 0.6898083
1654680289.191009 -5.5948701 -3.6622744 -1.3558973 -0.7157642 0.0563417 -0.0927846 0.6897607
1654680289.691390 -5.5947247 -3.6621056 -1.3560723 -0.7157379 0.0563323 -0.0927843 0.6897888
1654680290.191395 -5.5947938 -3.6620412 -1.3561405 -0.7157517 0.0562918 -0.0928097 0.6897744
1654680290.791152 -5.5948167 -3.6622138 -1.3563578 -0.7157028 0.0562968 -0.0928505 0.6898192
1654680291.292032 -5.5947785 -3.6621897 -1.3562262 -0.7157291 0.0563085 -0.0928126 0.6897961
1654680291.792788 -5.5949287 -3.6621020 -1.3559875 -0.7157350 0.0563655 -0.0927838 0.6897892
1654680292.392544 -5.5946455 -3.6617923 -1.3560299 -0.7157365 0.0562878 -0.0928440 0.6897858
1654680292.991552 -5.5951118 -3.6621671 -1.3560594 -0.7157251 0.0563622 -0.0928479 0.6897911
1654680293.491558 -5.5947237 -3.6619601 -1.3560423 -0.7157308 0.0563585 -0.0927995 0.6897920
1654680293.991938 -5.5947905 -3.6620400 -1.3560814 -0.7157266 0.0563434 -0.0928244 0.6897942
1654680294.591694 -5.5948057 -3.6619723 -1.3559197 -0.7157562 0.0563439 -0.0928219 0.6897637
1654680295.092449 -5.5947146 -3.6618900 -1.3563074 -0.7157149 0.0563066 -0.0928693 0.6898033
