1654676059.889183 0.0923855 0.2941518 0.0892339 -0.7278922 -0.0509252 0.0010877 0.6836884
1654676060.888443 0.1455660 0.3013850 0.0904684 -0.7280959 -0.0470098 -0.0021799 0.6837485
1654676061.787954 0.2992010 0.3289046 0.0891246 -0.7275671 -0.0360857 -0.0125984 0.6840903
1654676064.588485 0.7694934 0.3561130 0.1022041 -0.7278991 -0.0017693 -0.0451597 0.6834611
1654676065.987874 0.9754528 0.3541604 0.1072639 -0.7276266 0.0124049 -0.0596654 0.6826285
1654676066.488507 0.9751481 0.3529399 0.1080333 -0.7276601 0.0127116 -0.0592752 0.6826813
1654676067.488142 0.9770635 0.3523282 0.1073780 -0.7275950 0.0129524 -0.0594979 0.6827269
1654676067.988773 0.9634610 0.3546652 0.1073217 -0.7275955 0.0119367 -0.0587266 0.6827493
1654676069.088660 0.7978941 0.3550753 0.1032402 -0.7279146 0.0003262 -0.0466893 0.6833954
1654676071.989068 0.4021403 0.3337644 0.0928213 -0.7281057 -0.0283518 -0.0200543 0.6839917
1654676074.589596 0.4030325 0.2855568 0.1200753 -0.7276449 -0.0285650 -0.0208258 0.6843914
1654676076.889872 0.3975406 0.1290789 0.2072026 -0.7266487 -0.0286110 -0.0195600 0.6854313
1654676079.790404 0.7602669 0.1485810 0.2171324 -0.7267396 -0.0014241 -0.0459299 0.6846924
1654676082.289432 0.9346918 0.1487330 0.2206083 -0.7266285 0.0108911 -0.0594618 0.6837220
1654676082.589309 0.8659394 0.1487741 0.2201640 -0.7266710 0.0064757 -0.0534879 0.6841732
1654676083.989201 0.6567559 0.1436164 0.2139465 -0.7271041 -0.0089938 -0.0389092 0.6847451
1654676086.889858 0.3766513 0.1259847 0.2074708 -0.7270256 -0.0301983 -0.0187476 0.6850361
1654676089.688889 0.3633994 0.0404665 0.2564740 -0.7264898 -0.0306924 -0.0170236 0.6857439
1654676092.189042 0.3544059 -0.2076650 0.3885313 -0.7254559 -0.0313905 -0.0164186 0.6868236
1654676092.788923 0.3645046 -0.2619435 0.4226124 -0.7253134 -0.0299074 -0.0170391 0.6870810
1654676095.589204 0.3620521 -0.5461290 0.5760049 -0.7240283 -0.0305787 -0.0169697 0.6883538
1654676095.789455 0.3626159 -0.5666908 0.5883373 -0.7239197 -0.0306880 -0.0170294 0.6885176
1654676098.488486 0.3580039 -0.8324293 0.7274021 -0.7229525 -0.0312547 -0.0171937 0.6895608
1654676100.888887 0.3560811 -0.9064618 0.7682582 -0.7225804 -0.0314068 -0.0169693 0.6900056
1654676103.789045 0.3265199 -0.6939864 1.4494039 -0.7088657 -0.0309248 -0.0198554 0.7039466
1654676104.188549 0.3241060 -0.6649500 1.5493698 -0.7088650 -0.0309425 -0.0203593 0.7039834
1654676104.688803 0.3177812 -0.6315510 1.6728617 -0.7090904 -0.0309388 -0.0211839 0.7037832
1654676105.788566 0.3107573 -0.5696731 1.9314971 -0.7093532 -0.0301293 -0.0227354 0.7034515
1654676106.388823 0.3063801 -0.5424471 2.0732977 -0.7099301 -0.0300320 -0.0235619 0.7028449
1654676108.787849 0.2890192 -0.4721999 2.6173792 -0.7121764 -0.0286398 -0.0270624 0.7006011
1654676108.988226 0.2879593 -0.4693106 2.6612737 -0.7124017 -0.0284152 -0.0274182 0.7003669
1654676109.487982 0.2848353 -0.4619545 2.7677851 -0.7128694 -0.0279897 -0.0279631 0.6998322
1654676110.688996 0.2774529 -0.4560883 3.0236130 -0.7140543 -0.0269814 -0.0293966 0.6985474
1654676113.587903 0.2629230 -0.4903161 3.5479784 -0.7171537 -0.0246784 -0.0320862 0.6953801
1654676116.488811 0.2712036 -0.4961096 3.6386766 -0.7189097 -0.0240456 -0.0343897 0.6935281
1654676118.788336 0.5821813 -0.4717372 3.6451330 -0.7184064 0.0030275 -0.0594652 0.6926317
1654676120.588606 0.8227797 -0.4724001 3.6538656 -0.7175879 0.0230208 -0.0794520 0.6911435
1654676122.588128 1.0947623 -0.4915802 3.6615677 -0.7158994 0.0456148 -0.1012799 0.6889636
1654676123.188385 1.1893722 -0.5004840 3.6628063 -0.7150465 0.0533899 -0.1089159 0.6880571
1654676123.688265 1.2743703 -0.5124377 3.6659954 -0.7144179 0.0604730 -0.1156581 0.6870829
1654676124.588399 1.4332381 -0.5356613 3.6696274 -0.7126732 0.0738328 -0.1283507 0.6853259
1654676125.788163 1.6446456 -0.5744646 3.6743908 -0.7101400 0.0915719 -0.1452914 0.6824169
1654676126.088416 1.6973665 -0.5849771 3.6746454 -0.7095155 0.0959195 -0.1496703 0.6815194
1654676126.889050 1.8635813 -0.6317595 3.6810138 -0.7071118 0.1102061 -0.1636978 0.6787595
1654676127.189053 1.9371535 -0.6508435 3.6817429 -0.7058730 0.1166669 -0.1696207 0.6774399
1654676127.488557 2.0055327 -0.6721513 3.6833339 -0.7047036 0.1226016 -0.1753256 0.6761529
1654676128.389441 2.2200143 -0.7497610 3.6889558 -0.7006063 0.1414155 -0.1932893 0.6717435
1654676128.689069 2.2932830 -0.7781628 3.6920683 -0.6991335 0.1479520 -0.1994794 0.6700547
1654676130.488965 2.7139485 -0.9680320 3.7025838 -0.6889787 0.1853730 -0.2350205 0.6594771
1654676130.789717 2.7809231 -1.0050460 3.7047994 -0.6872266 0.1915197 -0.2408784 0.6575087
1654676131.889481 3.0264292 -1.1507716 3.7110419 -0.6798342 0.2142028 -0.2624574 0.6497892
1654676132.488862 3.1516714 -1.2418947 3.7154200 -0.6752484 0.2269843 -0.2743184 0.6452191
1654676133.288621 3.3365221 -1.3731194 3.7181189 -0.6693713 0.2429547 -0.2890532 0.6391385
1654676134.989515 3.6722302 -1.6785741 3.7264955 -0.6551446 0.2769353 -0.3212480 0.6245850
1654676135.789273 3.8172846 -1.8240186 3.7342932 -0.6481273 0.2923208 -0.3353299 0.6174395
1654676136.089152 3.8769438 -1.8769724 3.7345159 -0.6453241 0.2983634 -0.3407477 0.6145067
1654676136.589907 3.9626756 -1.9719099 3.7370718 -0.6406279 0.3079288 -0.3496443 0.6096758
1654676136.989787 4.0236983 -2.0510817 3.7413301 -0.6370147 0.3153201 -0.3563853 0.6058667
1654676137.589543 4.1230693 -2.1817162 3.7441192 -0.6309913 0.3268659 -0.3668685 0.5998626
1654676137.789921 4.1560183 -2.2249651 3.7434015 -0.6291301 0.3301787 -0.3702550 0.5979167
1654676138.189800 4.2227430 -2.3035669 3.7423332 -0.6248264 0.3376843 -0.3770298 0.5938758
1654676138.389302 4.2510858 -2.3433511 3.7422571 -0.6226223 0.3414913 -0.3806418 0.5917032
1654676138.589679 4.2772102 -2.3848977 3.7417755 -0.6205155 0.3450777 -0.3841726 0.5895462
1654676138.990684 4.3254910 -2.4715424 3.7400491 -0.6158226 0.3525904 -0.3912038 0.5852622
1654676139.191061 4.3468676 -2.5133681 3.7403038 -0.6134856 0.3564301 -0.3947430 0.5830064
1654676139.589692 4.3977013 -2.6038597 3.7459245 -0.6094786 0.3632454 -0.4012685 0.5786408
1654676139.989944 4.4518986 -2.6953359 3.7499154 -0.6050656 0.3704506 -0.4080598 0.5739275
1654676140.290699 4.4914227 -2.7628007 3.7524409 -0.6016028 0.3758748 -0.4131545 0.5703800
1654676140.490576 4.5157738 -2.8093312 3.7536299 -0.5994719 0.3791759 -0.4163005 0.5681426
1654676140.590576 4.5262413 -2.8316493 3.7551305 -0.5985239 0.3807381 -0.4179551 0.5670031
1654676140.790079 4.5519252 -2.8801351 3.7544498 -0.5959707 0.3842596 -0.4211244 0.5648417
1654676140.989581 4.5770874 -2.9276075 3.7564137 -0.5936494 0.3880135 -0.4242507 0.5623701
1654676141.188708 4.5982590 -2.9768376 3.7593474 -0.5914078 0.3915248 -0.4275588 0.5599107
1654676141.388586 4.6195045 -3.0260556 3.7614095 -0.5892198 0.3948087 -0.4307867 0.5574273
1654676141.588963 4.6411695 -3.0755916 3.7619739 -0.5865239 0.3984225 -0.4341019 0.5549896
1654676141.989217 4.6808515 -3.1751175 3.7628040 -0.5815303 0.4053417 -0.4402020 0.5504031
1654676142.088718 4.6960511 -3.2031949 3.7606564 -0.5804182 0.4065393 -0.4415455 0.5494878
1654676142.288595 4.7194200 -3.2536983 3.7620301 -0.5778853 0.4102969 -0.4447631 0.5467568
1654676142.488472 4.7406192 -3.3074155 3.7617862 -0.5753753 0.4137756 -0.4478970 0.5442131
1654676142.688849 4.7601261 -3.3610077 3.7610176 -0.5727056 0.4172481 -0.4509022 0.5418879
1654676142.889226 4.7781658 -3.4134157 3.7604179 -0.5704278 0.4202465 -0.4539702 0.5394027
1654676143.089103 4.7952747 -3.4656248 3.7600989 -0.5679979 0.4234648 -0.4566933 0.5371426
1654676143.388607 4.8199115 -3.5442178 3.7612619 -0.5644013 0.4280551 -0.4611629 0.5334566
1654676143.488109 4.8326883 -3.5725396 3.7605138 -0.5631472 0.4296418 -0.4626548 0.5322129
1654676143.688486 4.8504276 -3.6206889 3.7647150 -0.5604878 0.4333228 -0.4655599 0.5294904
1654676143.988739 4.8700171 -3.6931837 3.7702599 -0.5571311 0.4380841 -0.4700643 0.5252536
1654676144.188616 4.8829985 -3.7419167 3.7725163 -0.5547404 0.4411866 -0.4730465 0.5224974
1654676144.689372 4.9153891 -3.8645930 3.7768698 -0.5481495 0.4496120 -0.4799626 0.5160637
1654676144.889250 4.9298096 -3.9176278 3.7773364 -0.5455632 0.4526687 -0.4829108 0.5133718
1654676145.089126 4.9433608 -3.9713631 3.7775605 -0.5429956 0.4557061 -0.4858263 0.5106448
1654676145.289129 4.9554658 -4.0239849 3.7782154 -0.5407295 0.4584441 -0.4884993 0.5080377
1654676145.489381 4.9658265 -4.0765219 3.7808006 -0.5382230 0.4616516 -0.4911485 0.5053863
1654676145.689383 4.9788885 -4.1345754 3.7821679 -0.5354111 0.4646060 -0.4937716 0.5029454
1654676145.889261 4.9924140 -4.1876683 3.7850611 -0.5325741 0.4680981 -0.4965031 0.5000181
1654676146.089513 5.0025644 -4.2417030 3.7873960 0.5305476 -0.4713280 0.4992337 -0.4966437
1654676146.489767 5.0180564 -4.3519597 3.7890949 0.5247269 -0.4777344 0.5047489 -0.4910980
1654676146.889146 5.0280957 -4.4584713 3.7882166 0.5192840 -0.4833858 0.5101959 -0.4856941
1654676147.089024 5.0357499 -4.5087757 3.7889977 0.5164796 -0.4864723 0.5129764 -0.4826640
1654676147.289401 5.0404482 -4.5626802 3.7894692 0.5136175 -0.4894139 0.5156467 -0.4805332
1654676147.489653 5.0440326 -4.6181850 3.7891486 0.5105584 -0.4925239 0.5183370 -0.4777068
1654676147.690280 5.0484428 -4.6768527 3.7865369 0.5077842 -0.4952076 0.5209775 -0.4750322
1654676148.090159 5.0599899 -4.7892070 3.7872529 0.5022480 -0.5010051 0.5260903 -0.4691805
1654676148.489038 5.0667338 -4.9017353 3.7908189 0.4968071 -0.5066233 0.5310285 -0.4633254
1654676148.688915 5.0706873 -4.9574571 3.7942560 0.4937771 -0.5097094 0.5335281 -0.4602905
1654676148.889168 5.0727248 -5.0132027 3.7964180 0.4911239 -0.5124629 0.5360427 -0.4571317
1654676149.088921 5.0730481 -5.0684071 3.7980242 0.4878224 -0.5156343 0.5385375 -0.4541506
1654676149.288423 5.0712476 -5.1223993 3.7992020 0.4848456 -0.5184451 0.5410266 -0.4511630
1654676149.788928 5.0632854 -5.2555237 3.7982183 0.4771912 -0.5251742 0.5472639 -0.4439414
1654676149.988682 5.0594721 -5.3100333 3.7988622 0.4739070 -0.5282630 0.5497277 -0.4407307
1654676150.188558 5.0543985 -5.3657742 3.7980366 0.4707724 -0.5310139 0.5522969 -0.4375528
1654676150.388434 5.0489249 -5.4230943 3.7980485 0.4674819 -0.5338571 0.5547080 -0.4345527
1654676150.588186 5.0416384 -5.4788699 3.7991652 0.4644955 -0.5365592 0.5568599 -0.4316455
1654676150.988816 5.0279589 -5.5858207 3.8031824 0.4579013 -0.5422353 0.5616843 -0.4252869
1654676151.787326 4.9946823 -5.8089576 3.8099306 0.4450247 -0.5531404 0.5708615 -0.4124739
1654676151.987577 4.9893303 -5.8662815 3.8137412 0.4418866 -0.5559516 0.5730441 -0.4090203
1654676152.386832 4.9687290 -5.9734650 3.8139536 0.4352513 -0.5611998 0.5776551 -0.4024152
1654676153.387717 4.9045033 -6.2487659 3.8100443 0.4188396 -0.5735866 0.5887831 -0.3858707
1654676153.987725 4.8683486 -6.4105778 3.8082519 0.4083891 -0.5811691 0.5956734 -0.3749752
1654676154.887109 4.7908897 -6.6457729 3.8079872 0.3934684 -0.5915033 0.6047330 -0.3599509
1654676155.187364 4.7623162 -6.7264318 3.8063557 0.3881321 -0.5949533 0.6077786 -0.3548710
1654676155.386740 4.7465658 -6.7792683 3.8051870 0.3846947 -0.5972012 0.6098226 -0.3513070
1654676155.987622 4.6856918 -6.9293728 3.8042116 0.3741865 -0.6039745 0.6159523 -0.3401880
1654676156.587629 4.6140194 -7.0817070 3.8034213 0.3634332 -0.6104723 0.6216106 -0.3297759
1654676159.086405 4.2873287 -7.6839752 3.8052239 0.3186218 -0.6355106 0.6429565 -0.2846881
1654676161.785060 3.7733293 -8.2634764 3.8310883 0.2701758 -0.6587499 0.6611662 -0.2359106
1654676164.686844 3.1736946 -8.7911968 3.8375480 -0.2158861 0.6796563 -0.6770584 0.1811909
1654676167.587876 2.6454651 -9.1633234 3.8282576 -0.1709240 0.6926857 -0.6870884 0.1364622
1654676170.287530 2.9538560 -8.9649811 3.8304739 -0.1963761 0.6855043 -0.6820359 0.1615739
1654676172.887933 3.1551244 -8.8172760 3.8287201 -0.2138087 0.6801096 -0.6777767 0.1791282
1654676175.687589 3.1461027 -8.8046112 3.9021754 -0.2132972 0.6795964 -0.6785378 0.1789156
1654676178.487246 3.1252789 -8.7751589 4.1017466 -0.2128706 0.6811422 -0.6773530 0.1780340
1654676178.988251 3.1245689 -8.7750483 4.1054959 -0.2131080 0.6816298 -0.6768053 0.1779684
1654676180.588769 3.2594070 -8.6695843 4.1048594 -0.2245596 0.6781188 -0.6735571 0.1892903
1654676181.688656 3.4057186 -8.5391817 4.1044621 -0.2384011 0.6733567 -0.6698278 0.2021889
1654676182.287914 3.4907708 -8.4655981 4.1035643 -0.2460238 0.6704392 -0.6676365 0.2098705
1654676183.889180 3.7074938 -8.2557306 4.1005111 -0.2665930 0.6621444 -0.6613163 0.2301586
1654676184.389436 3.7761099 -8.1899633 4.0997210 -0.2726698 0.6595631 -0.6593270 0.2360950
1654676184.987942 3.8516293 -8.1044807 4.0979681 0.2803150 -0.6559797 0.6567323 -0.2441997
1654676186.687587 4.0936508 -7.8215036 4.0943050 0.3049442 -0.6445529 0.6474628 -0.2686907
1654676187.286968 4.1798391 -7.7133074 4.0901446 0.3138677 -0.6400813 0.6438600 -0.2776313
1654676187.788475 4.2527418 -7.6102667 4.0843687 0.3221344 -0.6357810 0.6403161 -0.2861266
1654676188.289104 4.3319640 -7.4960833 4.0814018 0.3308977 -0.6311917 0.6365044 -0.2946810
1654676188.788485 4.4101033 -7.3652930 4.0771432 0.3408658 -0.6256770 0.6319155 -0.3048018
1654676190.088124 4.6123734 -6.9824381 4.0633326 0.3689984 -0.6088971 0.6180116 -0.3332613
1654676190.488379 4.6651011 -6.8570709 4.0627704 0.3776104 -0.6035509 0.6132013 -0.3421432
1654676190.988635 4.7276659 -6.6970282 4.0623746 0.3887035 -0.5962875 0.6070004 -0.3533472
1654676191.487765 4.7829356 -6.5410781 4.0613370 0.3993815 -0.5891182 0.6006852 -0.3641104
1654676191.888520 4.8235612 -6.4046268 4.0604773 0.4080782 -0.5830377 0.5954568 -0.3727540
1654676192.388525 4.8676143 -6.2329316 4.0547976 0.4184357 -0.5755014 0.5892116 -0.3827846
1654676192.887906 4.9115305 -6.0598660 4.0508318 0.4289912 -0.5674660 0.5825175 -0.3932212
1654676193.689163 4.9574227 -5.7777643 4.0486727 0.4454220 -0.5540449 0.5708349 -0.4108571
1654676194.088669 4.9764900 -5.6378307 4.0452919 0.4543417 -0.5465918 0.5648901 -0.4192191
1654676194.588799 4.9953213 -5.4618659 4.0454955 0.4647501 -0.5376086 0.5572574 -0.4295323
1654676195.489685 5.0167270 -5.1385694 4.0494833 0.4828590 -0.5219448 0.5423684 -0.4475879
1654676196.288443 5.0193377 -4.8482332 4.0533419 0.4982725 -0.5074006 0.5289979 -0.4631536
1654676196.688447 5.0107627 -4.7176609 4.0525570 0.5062709 -0.4995660 0.5217448 -0.4711947
1654676197.189953 4.9948750 -4.5413499 4.0540862 0.5159191 -0.4897412 0.5134864 -0.4794048
1654676197.589581 4.9782152 -4.4061546 4.0551028 0.5238940 -0.4814292 0.5066431 -0.4864097
1654676197.889086 4.9637451 -4.3030496 4.0557866 0.5293279 -0.4755414 0.5008409 -0.4922927
1654676198.289464 4.9421396 -4.1718121 4.0544848 0.5369267 -0.4673256 0.4938343 -0.4989680
1654676198.589719 4.9177198 -4.0645151 4.0526505 -0.5421823 0.4604130 -0.4884863 0.5048608
1654676198.889221 4.8903580 -3.9577806 4.0487895 -0.5474476 0.4540778 -0.4829563 0.5102135
1654676199.189100 4.8618460 -3.8534174 4.0451531 -0.5517704 0.4484857 -0.4775344 0.5155846
1654676199.489479 4.8334098 -3.7517209 4.0438166 -0.5562929 0.4429187 -0.4719099 0.5206969
1654676199.789356 4.8040495 -3.6520989 4.0431318 -0.5613406 0.4364086 -0.4663725 0.5256012
1654676200.189611 4.7644916 -3.5309441 4.0436482 -0.5688908 0.4274049 -0.4588803 0.5314491
1654676200.490364 4.7295866 -3.4388440 4.0402679 -0.5738202 0.4208467 -0.4531250 0.5363055
1654676200.790743 4.6933265 -3.3446205 4.0337090 -0.5786046 0.4137015 -0.4471511 0.5417184
1654676201.090620 4.6559830 -3.2515726 4.0271788 -0.5829852 0.4069918 -0.4414154 0.5467916
1654676201.389750 4.6168036 -3.1606677 4.0174599 -0.5863423 0.4007892 -0.4360623 0.5519305
1654676201.689253 4.5757546 -3.0667510 4.0118642 -0.5905522 0.3938770 -0.4308016 0.5566647
1654676201.989255 4.5300369 -2.9771805 4.0080113 -0.5952893 0.3864643 -0.4248532 0.5613708
1654676202.289134 4.4834166 -2.8899951 4.0060091 -0.5999611 0.3792744 -0.4189360 0.5657353
1654676202.589888 4.4360957 -2.8010058 4.0053940 -0.6042389 0.3729463 -0.4129252 0.5697987
1654676202.989767 4.3714209 -2.6779308 4.0053468 -0.6093952 0.3652651 -0.4041080 0.5754647
1654676203.290146 4.3239765 -2.5863266 4.0045590 -0.6134303 0.3591426 -0.3973584 0.5797237
1654676203.590148 4.2735052 -2.5010045 4.0026317 -0.6176307 0.3523691 -0.3906984 0.5839387
1654676203.889527 4.2240872 -2.4192638 3.9998343 -0.6216133 0.3455918 -0.3840009 0.5881972
1654676204.389782 4.1380281 -2.2886324 3.9917188 -0.6281305 0.3337151 -0.3728633 0.5951558
1654676204.689285 4.0815668 -2.2061040 3.9916234 -0.6322523 0.3264931 -0.3660664 0.5990101
1654676204.989164 4.0178733 -2.1263447 3.9913960 -0.6360397 0.3194478 -0.3591925 0.6029558
1654676205.289042 3.9558680 -2.0443015 3.9886189 -0.6399409 0.3121048 -0.3522886 0.6067415
1654676205.688921 3.8697596 -1.9382616 3.9845047 -0.6445711 0.3028174 -0.3435962 0.6115209
1654676206.089551 3.7788692 -1.8373094 3.9778454 -0.6490691 0.2932799 -0.3352374 0.6160424
1654676206.688558 3.6301014 -1.6913255 3.9701138 -0.6557873 0.2783825 -0.3216790 0.6230418
1654676207.489442 3.4301023 -1.5129011 3.9595668 -0.6643043 0.2582605 -0.3028930 0.6320525
1654676207.789444 3.3575950 -1.4548131 3.9581137 -0.6672746 0.2511965 -0.2960131 0.6350291
1654676208.289200 3.2273576 -1.3659225 3.9564464 -0.6723144 0.2379482 -0.2837539 0.6403097
1654676208.589078 3.1506770 -1.3106207 3.9547055 -0.6752927 0.2301954 -0.2767394 0.6431687
1654676209.089334 3.0242312 -1.2216234 3.9501207 -0.6797304 0.2178989 -0.2646637 0.6478531
1654676209.489213 2.9088538 -1.1460091 3.9478641 -0.6832812 0.2074116 -0.2551490 0.6513752
1654676209.789468 2.8253932 -1.0932221 3.9471295 -0.6858101 0.1998238 -0.2479178 0.6538827
1654676210.189346 2.7183487 -1.0338755 3.9455860 -0.6889103 0.1897589 -0.2386019 0.6570870
1654676210.488850 2.6306348 -0.9884567 3.9439387 -0.6913001 0.1820354 -0.2311041 0.6595244
1654676210.788728 2.5444534 -0.9462863 3.9409227 -0.6935399 0.1742176 -0.2238424 0.6617894
1654676211.188234 2.4326954 -0.8882430 3.9372551 -0.6962563 0.1640809 -0.2143890 0.6646577
1654676211.488986 2.3457353 -0.8496679 3.9314358 -0.6981578 0.1562259 -0.2068064 0.6668823
1654676211.790488 2.2609208 -0.8100097 3.9277179 -0.6999971 0.1483906 -0.1994354 0.6689908
1654676212.090867 2.1753571 -0.7755023 3.9256108 -0.7018321 0.1410501 -0.1923932 0.6707963
1654676212.490371 2.0533903 -0.7326423 3.9220591 -0.7041778 0.1300422 -0.1820680 0.6734452
1654676212.989377 1.9117283 -0.6866820 3.9182515 -0.7066908 0.1174530 -0.1700983 0.6762573
1654676213.588758 1.7274888 -0.6374785 3.9126294 -0.7095490 0.1015549 -0.1547281 0.6794612
1654676214.786772 1.3622403 -0.5639216 3.9052136 -0.7142435 0.0702224 -0.1247822 0.6846635
1654676215.087524 1.2731578 -0.5514244 3.9041259 -0.7152029 0.0627338 -0.1175295 0.6856766
1654676217.888681 0.5506377 -0.5118667 3.8794236 -0.7194594 0.0014364 -0.0580490 0.6916627
1654676220.587712 0.2139527 -0.5433642 3.8740101 -0.7197200 -0.0269352 -0.0296977 0.6927440
1654676222.188354 0.2097670 -0.5358253 3.8426051 -0.7203463 -0.0275501 -0.0279548 0.6920856
1654676222.786986 0.2172471 -0.5155663 3.7458987 -0.7206008 -0.0270058 -0.0283997 0.6917674
1654676223.488244 0.2133669 -0.4942997 3.6200182 -0.7205033 -0.0281241 -0.0280285 0.6918958
1654676225.487514 0.2211262 -0.4487206 3.2300930 -0.7192261 -0.0298670 -0.0270151 0.6930829
1654676227.787416 0.2279021 -0.4513464 2.7698817 -0.7167521 -0.0317216 -0.0243825 0.6957179
1654676228.087419 0.2301709 -0.4524028 2.7056918 -0.7167853 -0.0320135 -0.0241468 0.6957331
1654676228.588675 0.2351747 -0.4591086 2.6008561 -0.7163213 -0.0325940 -0.0236028 0.6962036
1654676228.988679 0.2402664 -0.4688045 2.5174963 -0.7157319 -0.0326831 -0.0227752 0.6967806
1654676229.387809 0.2407022 -0.4745165 2.4310486 -0.7154996 -0.0330012 -0.0224197 0.6970165
1654676229.888190 0.2436434 -0.4853389 2.3219759 -0.7152110 -0.0334919 -0.0219737 0.6973041
1654676230.288194 0.2458455 -0.4985814 2.2349489 -0.7149644 -0.0337874 -0.0214347 0.6976138
1654676230.687448 0.2492449 -0.5116777 2.1469257 -0.7148464 -0.0339439 -0.0209077 0.6977438
1654676231.188204 0.2538692 -0.5291259 2.0329454 -0.7149915 -0.0339537 -0.0203429 0.6975581
1654676231.687834 0.2594564 -0.5520526 1.9186558 -0.7153497 -0.0341819 -0.0197633 0.6971961
1654676231.987462 0.2620332 -0.5670781 1.8494465 -0.7155595 -0.0344440 -0.0192784 0.6970350
1654676232.287841 0.2653576 -0.5835025 1.7785990 -0.7154379 -0.0347416 -0.0188624 0.6971568
1654676232.687845 0.2703264 -0.6073011 1.6813160 -0.7153535 -0.0348387 -0.0181262 0.6972055
1654676233.188225 0.2774674 -0.6399138 1.5591824 -0.7154009 -0.0350479 -0.0171560 0.6971184
1654676235.088623 0.2943186 -0.7400650 1.2278244 -0.7168503 -0.0356105 -0.0148947 0.6957576
1654676235.588628 0.2965131 -0.7546505 1.1850883 -0.7172142 -0.0354897 -0.0148633 0.6953887
1654676236.188635 0.2976988 -0.7692519 1.1415900 -0.7176415 -0.0359122 -0.0146615 0.6949834
1654676236.689390 0.2992200 -0.7800255 1.1103976 -0.7179976 -0.0357661 -0.0146644 0.6946223
1654676236.989018 0.2995627 -0.7866533 1.0932730 -0.7182784 -0.0360241 -0.0146156 0.6943731
1654676237.588150 0.3014350 -0.7991527 1.0605546 -0.7185467 -0.0361715 -0.0143869 0.6940923
1654676238.088531 0.3022125 -0.8096660 1.0322673 -0.7187988 -0.0360673 -0.0141842 0.6938407
1654676238.687787 0.3037342 -0.8229604 0.9972470 -0.7191649 -0.0359194 -0.0141115 0.6934701
1654676238.987791 0.3039899 -0.8303954 0.9802721 -0.7193031 -0.0361343 -0.0139059 0.6933197
1654676239.587671 0.3058366 -0.8432338 0.9471328 -0.7197059 -0.0359968 -0.0138666 0.6929089
1654676240.087677 0.3069547 -0.8511083 0.9263827 -0.7198730 -0.0361716 -0.0137502 0.6927826
1654676240.588058 0.3084812 -0.8602548 0.9008009 -0.7202936 -0.0362840 -0.0135350 0.6923434
1654676240.888062 0.3089918 -0.8680776 0.8772357 -0.7207453 -0.0363242 -0.0135585 0.6918702
1654676241.487318 0.3108938 -0.8828656 0.8415030 -0.7212397 -0.0362000 -0.0133802 0.6913644
1654676241.987323 0.3111739 -0.8912225 0.8218127 -0.7214081 -0.0362708 -0.0133028 0.6911862
1654676242.489329 0.3121154 -0.8983302 0.8045210 -0.7217632 -0.0363928 -0.0131136 0.6908671
1654676242.789706 0.3130081 -0.9025181 0.7942812 -0.7218704 -0.0364252 -0.0130980 0.6907536
1654676243.288964 0.3138390 -0.9076248 0.7748351 -0.7226974 -0.0363266 -0.0130851 0.6898932
1654676243.888469 0.3143919 -0.9087605 0.7721844 -0.7227079 -0.0358598 -0.0130293 0.6899075
1654676244.388475 0.3143806 -0.9086344 0.7710681 -0.7227794 -0.0361003 -0.0130325 0.6898201
1654676244.788105 0.3123328 -0.8892880 0.7528759 -0.7230791 -0.0374518 -0.0125277 0.6894980
1654676245.387237 0.3134832 -0.8243464 0.7209600 -0.7234625 -0.0364520 -0.0131697 0.6891370
1654676245.888492 0.3140027 -0.7543529 0.6840223 -0.7239853 -0.0361364 -0.0130530 0.6886065
1654676246.388498 0.3153121 -0.6837275 0.6493135 -0.7241795 -0.0355218 -0.0127279 0.6884403
