1654677054.586637 -0.0443679 -0.1239932 0.0210665 -0.7287510 -0.0448812 0.0052623 0.6832315
1654677055.487521 0.0258829 -0.1143137 0.0218438 -0.7289408 -0.0396307 0.0002616 0.6833734
1654677058.287554 0.4040411 -0.0768223 0.0240148 -0.7286520 -0.0123995 -0.0244711 0.6833776
1654677058.687685 0.4579807 -0.0754147 0.0230751 -0.7290030 -0.0087027 -0.0278768 0.6830978
1654677059.187566 0.5320083 -0.0729260 0.0254574 -0.7290691 -0.0039387 -0.0328265 0.6829031
1654677059.887325 0.5411829 -0.0727456 0.0257324 -0.7290999 -0.0030510 -0.0333088 0.6829098
1654677061.387717 0.5276943 -0.0738496 0.0257645 -0.7291021 -0.0040116 -0.0325405 0.6829405
1654677061.987349 0.4484490 -0.0752250 0.0237871 -0.7289903 -0.0096948 -0.0276478 0.6831664
1654677062.487981 0.3453987 -0.0809955 0.0220542 -0.7290257 -0.0163997 -0.0204508 0.6832058
1654677064.988384 -0.0563816 -0.1244450 0.0200480 -0.7282014 -0.0452506 0.0061331 0.6832104
1654677066.587155 -0.1062327 -0.1304906 0.0197713 -0.7281739 -0.0486285 0.0096454 0.6829710
1654677069.487313 -0.0954437 -0.2486729 0.0873185 -0.7275142 -0.0484640 0.0096693 0.6837953
1654677071.887093 -0.0743954 -0.4308892 0.1927405 -0.7266649 -0.0473167 0.0098160 0.6847776
1654677072.187472 -0.0755028 -0.4542649 0.2046961 -0.7264736 -0.0474057 0.0101575 0.6848623
1654677073.787864 -0.0528504 -0.4578754 0.2123363 -0.7264372 -0.0451206 0.0093513 0.6850119
1654677074.387871 0.0616745 -0.4396629 0.2097844 -0.7265798 -0.0370655 -0.0003248 0.6851756
1654677075.287383 0.1626987 -0.4288785 0.2113299 -0.7265953 -0.0293832 -0.0066141 0.6853784
1654677075.587261 0.2093384 -0.4255963 0.2090999 -0.7269232 -0.0262620 -0.0100855 0.6851632
1654677075.887264 0.2423894 -0.4216507 0.2125668 -0.7266446 -0.0230106 -0.0121654 0.6854268
1654677076.187268 0.2808286 -0.4171720 0.2096783 -0.7268879 -0.0205385 -0.0149899 0.6850715
1654677076.487648 0.3289790 -0.4119885 0.2118412 -0.7265832 -0.0167540 -0.0186501 0.6852867
1654677076.887778 0.3440013 -0.4128773 0.2120199 -0.7268723 -0.0109244 -0.0243699 0.6848438
1654677077.088030 0.3025882 -0.4308017 0.2148117 -0.7268124 -0.0069265 -0.0284345 0.6848538
1654677077.287908 -0.0916585 -0.5029452 0.2208142 -0.7269279 0.0006836 -0.0350505 0.6844587
1654677077.488159 -0.0808374 -0.5063425 0.2172125 -0.7270615 0.0028476 -0.0366640 0.6842196
1654677077.688036 -0.0656360 -0.5076120 0.2154944 -0.7269912 0.0053811 -0.0395967 0.6841059
1654677078.088041 -0.0676347 -0.5106783 0.2152924 -0.7269853 0.0056805 -0.0402602 0.6841228
1654677078.688424 -0.0933366 -0.5112382 0.2164963 -0.7269756 0.0040496 -0.0373502 0.6844290
1654677078.888675 -0.0789128 -0.5097416 0.2147003 -0.7272468 0.0047354 -0.0393383 0.6840766
1654677079.088553 -0.0702235 -0.5105608 0.2155918 -0.7271553 0.0049995 -0.0400250 0.6841902
1654677079.388432 -0.1058937 -0.5097239 0.2146483 -0.7273325 0.0020771 -0.0376581 0.6842156
1654677079.688436 -0.1783117 -0.5126571 0.2145522 -0.7274119 -0.0034860 -0.0312839 0.6845195
1654677079.988315 -0.2327211 -0.5142532 0.2160070 -0.7275088 -0.0077898 -0.0258781 0.6846760
1654677080.288316 -0.2619756 -0.5154411 0.2131008 -0.7274334 -0.0095774 -0.0249601 0.6846544
1654677080.587821 -0.3006341 -0.5162690 0.2141714 -0.7272670 -0.0120349 -0.0225373 0.6848251
1654677083.188102 -0.6969392 -0.5647963 0.2144358 -0.7270902 -0.0393568 0.0045147 0.6848868
1654677084.888122 -0.6688154 -0.5731885 0.2179630 -0.7271062 -0.0385149 0.0016417 0.6849808
1654677086.087887 -0.6675882 -0.6904857 0.2843202 -0.7264293 -0.0381976 0.0015626 0.6856087
1654677086.688519 -0.6727034 -0.7661791 0.3270750 -0.7259056 -0.0383699 0.0028148 0.6862050
1654677089.188049 -0.6521045 -1.0975797 0.5090922 -0.7247090 -0.0378785 0.0024343 0.6875529
1654677090.188811 -0.6472880 -1.2289995 0.5772021 -0.7243360 -0.0386863 0.0022526 0.6879539
1654677090.388689 -0.6420586 -1.2537373 0.5913504 -0.7239864 -0.0379319 0.0016234 0.6882579
1654677091.088947 -0.6417995 -1.3468485 0.6423450 -0.7238069 -0.0382262 0.0025829 0.6884820
1654677093.589725 -0.6326923 -1.6110653 0.7808614 -0.7233219 -0.0381861 0.0014951 0.6890503
1654677094.089858 -0.6326938 -1.6178571 0.7830620 -0.7226967 -0.0393608 0.0028829 0.6896375
1654677094.389735 -0.6366494 -1.6149172 0.8028247 -0.7215833 -0.0400384 0.0025276 0.6907662
1654677094.890242 -0.6383387 -1.5897981 0.9279587 -0.7145773 -0.0386144 0.0021134 0.6981031
1654677095.090368 -0.6411006 -1.5804470 0.9690859 -0.7129882 -0.0389638 0.0021855 0.6997596
1654677095.390248 -0.6441382 -1.5583881 1.0384495 -0.7115967 -0.0389291 0.0022663 0.7011274
1654677095.890003 -0.6480173 -1.5160038 1.1502215 -0.7109582 -0.0388623 0.0014735 0.7017811
1654677096.189882 -0.6507397 -1.4911996 1.2209680 -0.7102807 -0.0385142 0.0012927 0.7024873
1654677096.489761 -0.6518844 -1.4673132 1.2895398 -0.7099409 -0.0384766 0.0009162 0.7028335
1654677096.889765 -0.6562128 -1.4372649 1.3851795 -0.7093959 -0.0384306 0.0002992 0.7033870
1654677098.089030 -0.6664808 -1.3478658 1.6704230 -0.7087812 -0.0382020 -0.0012712 0.7040176
1654677099.088042 -0.6728117 -1.2813251 1.9052079 -0.7090130 -0.0381441 -0.0026117 0.7038324
1654677099.888051 -0.6785008 -1.2400848 2.0878654 -0.7092108 -0.0377724 -0.0035268 0.7036483
1654677100.687186 -0.6841356 -1.2026654 2.2676444 -0.7094521 -0.0374755 -0.0045703 0.7033636
1654677103.087465 -0.6969843 -1.1258694 2.8329751 -0.7114040 -0.0363121 -0.0075963 0.7014195
1654677103.287717 -0.6978840 -1.1207498 2.8872826 -0.7115460 -0.0359262 -0.0077243 0.7012938
1654677103.587595 -0.6996970 -1.1142746 2.9638467 -0.7120729 -0.0359533 -0.0082175 0.7007507
1654677104.387480 -0.7021971 -1.1054267 3.1755152 -0.7127973 -0.0353943 -0.0092023 0.7000800
1654677104.687360 -0.7033211 -1.0996224 3.2514663 -0.7131655 -0.0351220 -0.0095872 0.6996610
1654677105.287616 -0.7047648 -1.0965924 3.4097013 -0.7138817 -0.0345256 -0.0103301 0.6989478
1654677106.087876 -0.7068889 -1.1020063 3.6165216 -0.7148866 -0.0339643 -0.0114110 0.6979809
1654677106.387753 -0.7076122 -1.1075947 3.6928043 -0.7151417 -0.0337967 -0.0115862 0.6976715
1654677109.287287 -0.7135950 -1.1936264 4.4145780 -0.7182463 -0.0309120 -0.0148154 0.6945409
1654677111.987320 -0.7099913 -1.3487568 5.0565424 -0.7204589 -0.0283980 -0.0170904 0.6923502
1654677114.786604 -0.7002623 -1.5591422 5.6272116 -0.7219641 -0.0256876 -0.0188443 0.6908377
1654677117.586261 -0.6911347 -1.7148895 5.9525666 -0.7229073 -0.0238894 -0.0197605 0.6898878
1654677119.988040 -0.6904642 -1.7208219 5.9624300 -0.7234533 -0.0236614 -0.0194705 0.6892749
1654677121.087804 -0.5555110 -1.7027628 5.9650760 -0.7235336 -0.0127810 -0.0294446 0.6891163
1654677124.086839 0.2117287 -1.6630747 5.9689565 -0.7215397 0.0497552 -0.0906001 0.6841359
1654677126.787246 0.5803057 -1.6951718 5.9775348 -0.7184365 0.0791140 -0.1190294 0.6803817
1654677129.687781 0.7227443 -1.7182183 5.9781694 -0.7171254 0.0903010 -0.1299457 0.6784337
1654677130.287538 0.7393635 -1.7013696 5.9481192 -0.7180789 0.0913791 -0.1296090 0.6773432
1654677131.387300 0.7560450 -1.6247590 5.7934966 -0.7189149 0.0905949 -0.1297342 0.6764671
1654677131.687179 0.7607372 -1.6018107 5.7459135 -0.7191197 0.0900900 -0.1295155 0.6764279
1654677133.186821 0.7957222 -1.4883208 5.4813457 -0.7191232 0.0888634 -0.1293103 0.6766260
1654677134.586463 0.8228199 -1.3959041 5.2260180 -0.7184264 0.0876167 -0.1285051 0.6776827
1654677135.186222 0.8321104 -1.3574572 5.1074996 -0.7182800 0.0868665 -0.1282929 0.6779749
1654677135.486474 0.8400451 -1.3400772 5.0469398 -0.7179748 0.0866178 -0.1277760 0.6784282
1654677137.486872 0.8734707 -1.2307538 4.6407657 -0.7169982 0.0846813 -0.1265438 0.6799369
1654677138.386883 0.8829227 -1.2033056 4.5050755 -0.7166089 0.0839768 -0.1263514 0.6804708
1654677138.786389 0.8863686 -1.1947703 4.4544325 -0.7163388 0.0837744 -0.1260631 0.6808342
1654677140.286781 0.8990049 -1.1601026 4.2355528 -0.7157727 0.0827699 -0.1252969 0.6816272
1654677140.586659 0.9020163 -1.1521587 4.1884322 -0.7155977 0.0826406 -0.1250966 0.6819309
1654677141.986926 0.9131730 -1.1252526 3.9495420 -0.7149183 0.0815005 -0.1242751 0.6829316
1654677142.887311 0.9171538 -1.1130558 3.7830245 -0.7142230 0.0810388 -0.1237796 0.6837384
1654677143.487318 0.9202185 -1.1055241 3.6643484 -0.7138422 0.0806058 -0.1232344 0.6842864
1654677143.887324 0.9226724 -1.1029584 3.5839801 -0.7136196 0.0801216 -0.1229540 0.6846262
1654677144.187202 0.9245336 -1.1015286 3.5249815 -0.7134218 0.0799821 -0.1226951 0.6849614
1654677144.486955 0.9260046 -1.1004326 3.4642558 -0.7132606 0.0797474 -0.1224413 0.6852025
1654677144.786834 0.9266542 -1.1004018 3.4028854 -0.7129743 0.0794542 -0.1221411 0.6855230
1654677145.187088 0.9276391 -1.0998372 3.3263910 -0.7127643 0.0790050 -0.1219363 0.6858299
1654677146.586981 0.9273514 -1.1076411 3.0896909 -0.7117826 0.0786304 -0.1209478 0.6870037
1654677147.386739 0.9280439 -1.1198968 2.9062185 -0.7115071 0.0779612 -0.1201576 0.6875697
1654677147.686494 0.9274362 -1.1262164 2.8361630 -0.7113737 0.0778018 -0.1198252 0.6877843
1654677148.287000 0.9258113 -1.1411858 2.6933742 -0.7112688 0.0774922 -0.1191450 0.6879818
1654677148.587254 0.9235806 -1.1486053 2.6197641 -0.7111719 0.0775277 -0.1189047 0.6880553
1654677149.487514 0.9189638 -1.1793649 2.3980966 -0.7113710 0.0770199 -0.1178682 0.6880857
1654677151.387162 0.9047079 -1.2464035 2.0562952 -0.7108141 0.0762131 -0.1162646 0.6890259
1654677152.086795 0.9038311 -1.2631230 1.9868035 -0.7107009 0.0761728 -0.1158531 0.6892171
1654677152.786927 0.8960940 -1.2899946 1.8629762 -0.7111719 0.0759907 -0.1154039 0.6888260
1654677154.086945 0.8903280 -1.3129818 1.7738134 -0.7107856 0.0755107 -0.1151467 0.6892578
1654677154.587199 0.8810220 -1.3139341 1.7796872 -0.7104595 0.0752259 -0.1150248 0.6897098
1654677154.887078 0.8234451 -1.3041788 1.7760416 -0.7110860 0.0703732 -0.1098064 0.6904304
1654677155.587086 0.6834666 -1.2822448 1.7813761 -0.7115266 0.0609410 -0.0993682 0.6923987
1654677155.886840 0.6070440 -1.2721548 1.7712938 -0.7131165 0.0544732 -0.0951609 0.6919562
1654677156.186593 0.5155420 -1.2645929 1.7801273 -0.7128917 0.0487233 -0.0873929 0.6936466
1654677156.486721 0.4268408 -1.2561454 1.7710848 -0.7140715 0.0418122 -0.0817774 0.6935717
1654677156.886976 0.3191299 -1.2490770 1.7728690 -0.7144758 0.0340642 -0.0742640 0.6944297
1654677157.186856 0.2206087 -1.2447731 1.7762026 -0.7143822 0.0269563 -0.0666606 0.6956153
1654677157.486984 0.1195255 -1.2424344 1.7706597 -0.7152298 0.0192741 -0.0594629 0.6956565
1654677158.087867 -0.0543118 -1.2449305 1.7658619 -0.7155376 0.0065977 -0.0473011 0.6964613
1654677158.387619 -0.1532944 -1.2458664 1.7724608 -0.7151314 -0.0000821 -0.0395317 0.6974563
1654677159.988138 -0.6067538 -1.2840506 1.7675264 -0.7147946 -0.0336588 -0.0069946 0.6980985
1654677160.788147 -0.8015454 -1.3145934 1.7638146 -0.7143780 -0.0482939 0.0073179 0.6977235
1654677161.088277 -0.8675348 -1.3263679 1.7635906 -0.7138149 -0.0533164 0.0121996 0.6978192
1654677161.388031 -0.9367698 -1.3391510 1.7617084 -0.7137346 -0.0585865 0.0173480 0.6973732
1654677161.688283 -0.9960929 -1.3519355 1.7645516 -0.7132359 -0.0627074 0.0216995 0.6974562
1654677162.087662 -1.0698024 -1.3686163 1.7601447 -0.7129921 -0.0686431 0.0267165 0.6969754
1654677162.387417 -1.1325506 -1.3839146 1.7614055 -0.7122504 -0.0731585 0.0318973 0.6970121
1654677162.786797 -1.2166598 -1.4053415 1.7587544 -0.7115031 -0.0792746 0.0378666 0.6967652
1654677163.687683 -1.3957155 -1.4553493 1.7554564 -0.7102560 -0.0933637 0.0514915 0.6954290
1654677164.987947 -1.6419277 -1.5410753 1.7555327 -0.7075685 -0.1120609 0.0708994 0.6937585
1654677165.488703 -1.6218886 -1.5342817 1.7513943 -0.7077503 -0.1104161 0.0682868 0.6940523
1654677165.988959 -1.6411387 -1.5395919 1.7587975 -0.7080211 -0.1118379 0.0698502 0.6933935
1654677166.288712 -1.6420039 -1.5328834 1.8581635 -0.7022082 -0.1103420 0.0703980 0.6995137
1654677166.688342 -1.6496835 -1.5036004 1.9868835 -0.7030306 -0.1114539 0.0678343 0.6987184
1654677166.987596 -1.6621833 -1.4845052 2.1188765 -0.7008505 -0.1098455 0.0695755 0.7009921
1654677167.287348 -1.6722686 -1.4609940 2.2207124 -0.7028167 -0.1108639 0.0683812 0.6989746
1654677167.687479 -1.6703053 -1.4339451 2.3872178 -0.7018075 -0.1087538 0.0679742 0.7003593
1654677167.987607 -1.6860816 -1.4151348 2.4813435 -0.7036534 -0.1104421 0.0663464 0.6983927
1654677168.787992 -1.7023326 -1.3826351 2.7959893 -0.7043442 -0.1088582 0.0654310 0.6980301
1654677169.387875 -1.7080036 -1.3672552 3.0202961 -0.7055625 -0.1082052 0.0638830 0.6970410
1654677169.986881 -1.7149186 -1.3573859 3.2414327 -0.7065300 -0.1078270 0.0627436 0.6962205
1654677170.487137 -1.7207350 -1.3570714 3.4254856 -0.7072728 -0.1075891 0.0621148 0.6955579
1654677171.086894 -1.7215167 -1.3592584 3.6457825 -0.7082716 -0.1065709 0.0610432 0.6947905
1654677171.387022 -1.7206452 -1.3663276 3.7559016 -0.7086350 -0.1061844 0.0607704 0.6945022
1654677171.986905 -1.7194748 -1.3858507 3.9711692 -0.7096274 -0.1054218 0.0596706 0.6936523
1654677173.187043 -1.7066978 -1.4435313 4.4065909 -0.7117285 -0.1038770 0.0574883 0.6919559
1654677173.586798 -1.7010814 -1.4697047 4.5514426 -0.7123246 -0.1034314 0.0569733 0.6914501
1654677173.886801 -1.6997788 -1.4877756 4.6613741 -0.7127361 -0.1028097 0.0563064 0.6911726
1654677174.186556 -1.6736423 -1.5286154 4.7673392 -0.7128710 -0.1026577 0.0567196 0.6910219
1654677174.686436 -1.6797541 -1.5606635 4.9566436 -0.7137510 -0.1017506 0.0551213 0.6903745
1654677174.986565 -1.6663370 -1.5952592 5.0651250 -0.7140374 -0.1014214 0.0551943 0.6901201
1654677175.586322 -1.6500398 -1.6706995 5.2860527 -0.7148169 -0.1004432 0.0542145 0.6895321
1654677176.386707 -1.6162539 -1.7766742 5.5683088 -0.7155625 -0.0990411 0.0536096 0.6889595
1654677176.586709 -1.6165845 -1.7992713 5.6268692 -0.7155168 -0.0986493 0.0530685 0.6890093
1654677176.886837 -1.6392887 -1.8320783 5.6951027 -0.7154500 -0.0978400 0.0531170 0.6890953
1654677177.986100 -1.8267282 -1.8595501 5.7328262 -0.7162609 -0.1030418 0.0590407 0.6870134
1654677178.886111 -1.9802996 -1.8579794 5.6985078 -0.7171395 -0.1068155 0.0606208 0.6853802
1654677179.186239 -2.0297036 -1.8859017 5.6999907 -0.7148886 -0.1089662 0.0632902 0.6869714
1654677179.486368 -2.0406492 -1.8809104 5.6520462 -0.7167348 -0.1062136 0.0568650 0.6858343
1654677181.986149 -1.7816373 -2.0587456 5.5560694 -0.7218761 -0.0432089 0.0024223 0.6895218
1654677184.885682 -1.2651939 -2.4931216 5.5404768 -0.7218632 0.0406435 -0.0776902 0.6854335
1654677185.885318 -1.0238826 -2.6244040 5.5382881 -0.7201230 0.0672700 -0.1042956 0.6815754
1654677186.185447 -0.9440219 -2.6522319 5.5383410 -0.7189487 0.0746751 -0.1111017 0.6808912
1654677187.685714 -0.6403809 -2.7313659 5.5645905 -0.7161162 0.1001466 -0.1358716 0.6761854
1654677187.985718 -0.6209825 -2.7244339 5.5575018 -0.7155365 0.1025558 -0.1378707 0.6760311
1654677188.786103 -0.6044291 -2.6914670 5.5859084 -0.7161890 0.1005718 -0.1349492 0.6762313
1654677189.986243 -0.5420787 -2.5699630 5.3426371 -0.7183239 0.1010122 -0.1351788 0.6739122
1654677190.585999 -0.5405647 -2.5200405 5.2084527 -0.7186198 0.0986446 -0.1354827 0.6739558
1654677191.486759 -0.5059088 -2.4476957 5.0066891 -0.7176403 0.0975921 -0.1335218 0.6755505
1654677191.786513 -0.4962158 -2.4222541 4.9348741 -0.7181682 0.0973495 -0.1340101 0.6749247
1654677193.586785 -0.4350853 -2.2975168 4.5345840 -0.7172056 0.0954216 -0.1322382 0.6767869
1654677194.186916 -0.4175073 -2.2624035 4.3996978 -0.7167754 0.0946189 -0.1318130 0.6774402
1654677194.486670 -0.4076057 -2.2386665 4.3302727 -0.7164871 0.0943285 -0.1317618 0.6777967
1654677195.986812 -0.3620158 -2.1624699 4.0666070 -0.7156125 0.0928116 -0.1303274 0.6792107
1654677196.286942 -0.3622870 -2.1564190 4.0296397 -0.7156112 0.0925404 -0.1303601 0.6792430
1654677198.087961 -0.3364559 -2.1071267 3.7223246 -0.7163042 0.0912707 -0.1297713 0.6789328
1654677198.388089 -0.3330482 -2.1069369 3.6318476 -0.7141466 0.0909488 -0.1278733 0.6816111
1654677198.687844 -0.3257066 -2.0861118 3.5081294 -0.7154544 0.0901682 -0.1284272 0.6801663
1654677198.987596 -0.3236303 -2.0890510 3.4100173 -0.7135825 0.0901427 -0.1271692 0.6823755
1654677199.588228 -0.3186545 -2.0878520 3.1785524 -0.7130539 0.0891265 -0.1262628 0.6831652
1654677199.888232 -0.3212236 -2.0909877 3.0554237 -0.7136056 0.0885279 -0.1263167 0.6826554
1654677200.188361 -0.3217283 -2.1011479 2.9457006 -0.7125535 0.0882625 -0.1253845 0.6840299
1654677200.488490 -0.3226633 -2.1089666 2.8249149 -0.7129431 0.0875885 -0.1252343 0.6838034
1654677200.788618 -0.3249259 -2.1224322 2.7117622 -0.7120438 0.0874852 -0.1242555 0.6849343
1654677201.088747 -0.3294939 -2.1346073 2.5906539 -0.7121792 0.0870104 -0.1239529 0.6848432
1654677201.388375 -0.3322112 -2.1529665 2.4770737 -0.7116536 0.0864966 -0.1231572 0.6855346
1654677201.688504 -0.3380408 -2.1710212 2.3623087 -0.7120115 0.0861398 -0.1228809 0.6853224
1654677202.588890 -0.3509628 -2.2272577 2.0693007 -0.7124852 0.0853111 -0.1215878 0.6851650
1654677202.888518 -0.3570451 -2.2437868 2.0070417 -0.7122182 0.0854559 -0.1212091 0.6854272
1654677204.687913 -0.3710677 -2.3021247 1.8115894 -0.7116565 0.0851033 -0.1198365 0.6863638
1654677205.287170 -0.3711035 -2.3012023 1.8057505 -0.7119728 0.0848255 -0.1200056 0.6860394
1654677205.787302 -0.3725253 -2.3005383 1.8116724 -0.7115315 0.0851459 -0.1196952 0.6865132
1654677206.187433 -0.4149946 -2.2897937 1.8083715 -0.7121160 0.0812881 -0.1161536 0.6869860
1654677206.487560 -0.4642815 -2.2808177 1.8001113 -0.7135172 0.0762605 -0.1125331 0.6867125
1654677206.787688 -0.5027670 -2.2745926 1.8094517 -0.7127872 0.0742426 -0.1092025 0.6882973
1654677207.387321 -0.6338418 -2.2545402 1.8097007 -0.7139158 0.0634484 -0.0982972 0.6897963
1654677207.687824 -0.7100209 -2.2446303 1.7976378 -0.7157546 0.0567355 -0.0932714 0.6892372
1654677208.088454 -0.8008094 -2.2358994 1.8057761 -0.7156378 0.0496810 -0.0854187 0.6909274
1654677208.388458 -0.8797475 -2.2282777 1.8041649 -0.7161378 0.0430095 -0.0791038 0.6916139
1654677208.789088 -0.9951292 -2.2202923 1.8005748 -0.7173132 0.0333486 -0.0702741 0.6918889
1654677209.189218 -1.0958893 -2.2169957 1.8084117 -0.7171525 0.0259113 -0.0621879 0.6931548
1654677209.489721 -1.1780301 -2.2158823 1.8051397 -0.7176962 0.0189994 -0.0558842 0.6934156
1654677210.089351 -1.3404179 -2.2164073 1.8049444 -0.7176850 0.0060681 -0.0424793 0.6945649
1654677210.289479 -1.3946054 -2.2181580 1.8055820 -0.7174792 0.0021402 -0.0383209 0.6950467
1654677210.689610 -1.5071046 -2.2263632 1.8058586 -0.7174598 -0.0065956 -0.0293733 0.6954271
1654677212.289504 -1.7920710 -2.2522583 1.8013588 -0.7175139 -0.0294678 -0.0082344 0.6953691
1654677212.688884 -1.8043761 -2.2579362 1.8003662 -0.7172554 -0.0313086 -0.0061691 0.6955794
1654677213.688770 -1.8011569 -2.2896566 1.6891042 -0.7184108 -0.0307411 -0.0050244 0.6944720
1654677213.988398 -1.8069934 -2.3117664 1.6201870 -0.7194367 -0.0315032 -0.0048063 0.6933751
1654677214.588155 -1.7932364 -2.3495297 1.4960780 -0.7203136 -0.0310514 -0.0055326 0.6924767
1654677214.987910 -1.8015761 -2.3788366 1.4236245 -0.7202946 -0.0316771 -0.0036651 0.6925355
1654677215.388290 -1.7900892 -2.4002252 1.3574357 -0.7208143 -0.0310058 -0.0047584 0.6920166
1654677215.988922 -1.7959349 -2.4340894 1.2709795 -0.7211312 -0.0321300 -0.0030299 0.6916991
1654677216.289050 -1.7880421 -2.4421310 1.2338774 -0.7216291 -0.0314693 -0.0037974 0.6910438
1654677217.189686 -1.7882385 -2.4786861 1.1487817 -0.7224078 -0.0313146 -0.0032405 0.6902385
1654677219.788716 -1.7815510 -2.5616996 0.9464998 -0.7248321 -0.0306768 -0.0018465 0.6877772
1654677221.088607 -1.7862411 -2.5627124 0.9309221 -0.7260318 -0.0321218 -0.0023909 0.6864400
1654677221.688740 -1.7874370 -2.5101562 0.8971664 -0.7264028 -0.0327903 -0.0029799 0.6860126
1654677222.288496 -1.7896698 -2.4216571 0.8485700 -0.7267278 -0.0325594 -0.0028852 0.6856791
1654677222.788628 -1.7904887 -2.3451157 0.8142513 -0.7265543 -0.0316752 -0.0020021 0.6859084
1654677223.688013 -1.7938391 -2.2041829 0.7409154 -0.7269152 -0.0310541 -0.0020402 0.6854984
1654677223.988017 -1.7981254 -2.1609423 0.7116664 -0.7271382 -0.0314291 -0.0023085 0.6851326
1654677226.187793 -1.8066399 -1.8069494 0.5168402 -0.7283342 -0.0302368 -0.0019288 0.6839135
1654677226.787924 -1.8143655 -1.7140192 0.4571736 -0.7287813 -0.0317686 -0.0021549 0.6832537
1654677228.088190 -1.8225150 -1.5152018 0.3406453 -0.7294801 -0.0316593 -0.0022055 0.6824543
1654677230.889596 -1.8344166 -1.1310847 0.1216352 -0.7308998 -0.0321285 -0.0024024 0.6810755
1654677233.387252 -1.8410230 -0.9535268 0.0140109 -0.7318705 -0.0328454 -0.0031187 0.6801053
1654677235.987158 -1.8411155 -0.9428699 0.0101203 -0.7319359 -0.0328725 -0.0031437 0.6801471
1654677237.087171 -1.8410139 -0.9434446 0.0107117 -0.7318262 -0.0331521 -0.0029359 0.6802529
1654677237.587677 -1.8410025 -0.9430439 0.0107310 -0.7319162 -0.0328946 -0.0031043 0.6801675
1654677238.087807 -1.8408771 -0.9429875 0.0108663 -0.7319826 -0.0330563 -0.0030782 0.6801449
1654677238.587939 -1.8407358 -0.9426746 0.0103120 -0.7319579 -0.0331310 -0.0031332 0.6801676
1654677239.088568 -1.8409705 -0.9429003 0.0103398 -0.7319677 -0.0331212 -0.0030777 0.6801578
1654677239.589200 -1.8405734 -0.9428406 0.0107605 -0.7320057 -0.0332106 -0.0030924 0.6801695
1654677240.188457 -1.8410163 -0.9428526 0.0108730 -0.7320896 -0.0332927 -0.0030644 0.6801319
1654677240.787839 -1.8405317 -0.9424243 0.0105007 -0.7321185 -0.0331197 -0.0033370 0.6801077
1654677241.287595 -1.8403449 -0.9422897 0.0099184 -0.7321326 -0.0331981 -0.0032430 0.6800892
1654677241.687725 -1.8400204 -0.9420908 0.0099623 -0.7322206 -0.0331168 -0.0034021 0.6799976
1654677241.987478 -1.8403686 -0.9417624 0.0095788 -0.7323101 -0.0333912 -0.0034079 0.6799446
1654677242.587235 -1.8400217 -0.9421058 0.0098974 -0.7321727 -0.0331398 -0.0032685 0.6801056
1654677243.186992 -1.8401809 -0.9419795 0.0101393 -0.7322264 -0.0332279 -0.0032844 0.6801003
1654677243.687248 -1.8397036 -0.9419876 0.0105273 -0.7321805 -0.0332358 -0.0031515 0.6801499
1654677244.287005 -1.8398155 -0.9418982 0.0109808 -0.7322946 -0.0333023 -0.0031473 0.6800807
1654677244.886763 -1.8399917 -0.9417488 0.0107405 -0.7322646 -0.0333422 -0.0032933 0.6801103
1654677245.486520 -1.8399537 -0.9416478 0.0104640 -0.7322477 -0.0333917 -0.0032947 0.6801260
1654677246.086400 -1.8399540 -0.9417381 0.0104674 -0.7322534 -0.0333656 -0.0032792 0.6801212
1654677246.586533 -1.8396345 -0.9414346 0.0101659 -0.7322802 -0.0333647 -0.0032995 0.6800924
1654677247.087163 -1.8400919 -0.9417570 0.0101974 -0.7322896 -0.0333389 -0.0032693 0.6800838
1654677247.587295 -1.8399059 -0.9414161 0.0100755 -0.7322723 -0.0333797 -0.0033270 0.6801001
1654677248.087551 -1.8397132 -0.9415893 0.0104576 -0.7322937 -0.0333818 -0.0032818 0.6800771
