1654673846.274731 -0.4086351 -1.0273694 -0.8622854 -0.7289108 -0.0462792 -0.0010371 0.6830418
1654673846.726371 -0.4018312 -1.0089263 -0.9242482 -0.7287237 -0.0457441 -0.0020023 0.6832753
1654673847.874193 -0.4071700 -0.9630696 -1.0883019 -0.7286977 -0.0465628 -0.0016623 0.6832475
1654673848.874255 -0.4090558 -0.9416679 -1.2035106 -0.7272455 -0.0471205 -0.0002695 0.6847571
1654673849.174199 -0.4155039 -0.9341510 -1.2370819 -0.7275457 -0.0482104 -0.0004532 0.6843622
1654673849.826093 -0.4123436 -0.9231251 -1.2857606 -0.7272225 -0.0477078 -0.0005360 0.6847402
1654673852.074724 -0.4785614 -0.9406213 -1.3007674 -0.7251804 -0.0542587 0.0060334 0.6863901
1654673852.526293 -0.5317027 -0.9559908 -1.2974949 -0.7243418 -0.0595683 0.0113145 0.6867687
1654673852.826706 -0.5609303 -0.9594495 -1.3022696 -0.7247481 -0.0623856 0.0135232 0.6860493
1654673853.976648 -0.7030477 -0.9981126 -1.3016506 -0.7232965 -0.0763899 0.0264218 0.6857900
1654673854.476876 -0.7733004 -1.0199974 -1.3000193 -0.7223200 -0.0835268 0.0332684 0.6856886
1654673854.726532 -0.8114700 -1.0304301 -1.3037951 -0.7222470 -0.0874447 0.0360658 0.6851352
1654673855.476809 -0.9094198 -1.0621668 -1.3030944 -0.7210353 -0.0968891 0.0458910 0.6845536
1654673856.827138 -1.1076035 -1.1359892 -1.3047457 -0.7180007 -0.1171313 0.0647331 0.6830546
1654673857.677112 -1.2237829 -1.1857625 -1.3063614 -0.7160991 -0.1289980 0.0758967 0.6817625
1654673857.977101 -1.2698833 -1.2060471 -1.3075753 -0.7154512 -0.1338212 0.0801665 0.6810242
1654673858.277055 -1.3068204 -1.2250997 -1.3069745 -0.7146786 -0.1374358 0.0841057 0.6806398
1654673859.126100 -1.4270208 -1.2814682 -1.3103518 -0.7123455 -0.1500570 0.0953600 0.6789345
1654673860.327202 -1.5872080 -1.3688742 -1.3116928 -0.7087854 -0.1670226 0.1114522 0.6762421
1654673863.026958 -1.9316907 -1.5955417 -1.3148603 -0.6990905 -0.2049965 0.1473796 0.6689746
1654673863.676480 -2.0006618 -1.6491492 -1.3160309 -0.6967176 -0.2130894 0.1547619 0.6672524
1654673863.977067 -2.0288987 -1.6732894 -1.3178065 -0.6952520 -0.2176445 0.1574406 0.6666833
1654673864.877127 -2.0190890 -1.6623583 -1.3166642 -0.6961177 -0.2154958 0.1569680 0.6665898
1654673865.374772 -2.0137589 -1.6415837 -1.3567489 -0.6975846 -0.2141115 0.1552169 0.6659118
1654673865.624833 -2.0198379 -1.6300793 -1.4013225 -0.6987800 -0.2148196 0.1544861 0.6645989
1654673866.776836 -2.0340295 -1.6111301 -1.5807108 -0.6971254 -0.2155055 0.1559633 0.6657689
1654673867.377124 -2.0406880 -1.6062666 -1.6810417 -0.6958717 -0.2161362 0.1578376 0.6664339
1654673867.927100 -2.0421174 -1.6010170 -1.7747267 -0.6948516 -0.2159384 0.1587722 0.6673397
1654673868.626726 -2.0437956 -1.5914046 -1.9059972 -0.6942796 -0.2162390 0.1593328 0.6677036
1654673869.576304 -2.0446529 -1.5867640 -2.0840297 -0.6933258 -0.2167773 0.1605375 0.6682318
1654673870.177207 -2.0424943 -1.5837438 -2.1976581 -0.6927475 -0.2169632 0.1610159 0.6686558
1654673870.726958 -2.0417390 -1.5872663 -2.3023837 -0.6921943 -0.2175281 0.1619240 0.6688260
1654673871.027130 -2.0358939 -1.5895320 -2.3564582 -0.6915826 -0.2168778 0.1627959 0.6694576
1654673871.927032 -2.0281522 -1.5990577 -2.5353978 -0.6908469 -0.2176488 0.1633497 0.6698325
1654673872.177354 -2.0243392 -1.6057701 -2.5822220 -0.6903448 -0.2176034 0.1640197 0.6702009
1654673872.427499 -2.0205023 -1.6096699 -2.6323471 -0.6901562 -0.2177410 0.1643071 0.6702798
1654673872.727055 -2.0151248 -1.6131731 -2.6928072 -0.6899464 -0.2177900 0.1646743 0.6703895
1654673872.976940 -2.0110164 -1.6173054 -2.7412844 -0.6896349 -0.2176984 0.1653178 0.6705819
1654673873.827072 -1.9938067 -1.6384200 -2.9163153 -0.6891932 -0.2180180 0.1663874 0.6706679
1654673874.078007 -1.9880772 -1.6448182 -2.9675107 -0.6888043 -0.2180060 0.1670061 0.6709173
1654673874.376916 -1.9810030 -1.6532295 -3.0326390 -0.6886497 -0.2183331 0.1669006 0.6709957
1654673874.627157 -1.9750032 -1.6591609 -3.0834155 -0.6886722 -0.2182453 0.1675667 0.6708354
1654673875.127116 -1.9610455 -1.6774646 -3.1901119 -0.6887298 -0.2184741 0.1681385 0.6705587
1654673875.377056 -1.9532855 -1.6852139 -3.2441213 -0.6887568 -0.2185544 0.1683723 0.6704456
1654673875.577523 -1.9476700 -1.6935712 -3.2896330 -0.6888630 -0.2187458 0.1685374 0.6702326
1654673875.876255 -1.9372916 -1.7055746 -3.3555138 -0.6891127 -0.2189795 0.1688273 0.6698267
1654673876.076832 -1.9294878 -1.7144620 -3.4000618 -0.6893879 -0.2190969 0.1691157 0.6694323
1654673876.376897 -1.9202862 -1.7253435 -3.4689970 -0.6898516 -0.2192945 0.1693108 0.6688402
1654673876.927022 -1.8980845 -1.7539991 -3.5931866 -0.6903214 -0.2197869 0.1697696 0.6680773
1654673877.176587 -1.8887384 -1.7708935 -3.6509850 -0.6907513 -0.2195051 0.1701464 0.6676295
1654673877.577133 -1.8719860 -1.7925775 -3.7385528 -0.6913775 -0.2199365 0.1705140 0.6667452
1654673877.827260 -1.8606232 -1.8061601 -3.7866900 -0.6913482 -0.2199744 0.1708488 0.6666769
1654673878.276210 -1.8440182 -1.8289659 -3.8693411 -0.6921713 -0.2205352 0.1707649 0.6656588
1654673881.227063 -1.7823343 -1.9128318 -4.1437149 -0.6953682 -0.2217783 0.1712350 0.6617817
1654673883.277172 -1.7821624 -1.9163212 -4.1616220 -0.6966094 -0.2227495 0.1702135 0.6604120
1654673884.877140 -1.8301420 -1.8370237 -4.1990004 -0.6959460 -0.2217622 0.1710825 0.6612187
1654673885.926517 -1.8836591 -1.7525084 -4.2515268 -0.6969113 -0.2216160 0.1707233 0.6603435
1654673886.727306 -1.9274474 -1.6836191 -4.2893391 -0.6972184 -0.2209630 0.1713174 0.6600841
1654673887.475609 -1.9713959 -1.6128433 -4.3353739 -0.6977508 -0.2213812 0.1708224 0.6595088
1654673888.127175 -2.0131950 -1.5498126 -4.3748326 -0.6979282 -0.2218510 0.1704137 0.6592697
1654673890.477111 -2.1658165 -1.3165654 -4.5221810 -0.6992207 -0.2230111 0.1699348 0.6576306
1654673891.027089 -2.2059374 -1.2606087 -4.5599980 -0.6993623 -0.2240694 0.1695185 0.6572274
1654673891.526978 -2.2395823 -1.2075684 -4.5887995 -0.6992183 -0.2240175 0.1698475 0.6573131
1654673891.876560 -2.2630224 -1.1712652 -4.6164207 -0.6998088 -0.2243770 0.1691286 0.6567475
1654673892.376851 -2.2966363 -1.1181288 -4.6474233 -0.6999968 -0.2241983 0.1690204 0.6566360
1654673892.776900 -2.3210008 -1.0738618 -4.6717587 -0.7004794 -0.2232897 0.1694532 0.6563193
1654673893.276898 -2.3527160 -1.0226974 -4.7072735 -0.7013039 -0.2233632 0.1691328 0.6554963
1654673893.827364 -2.3882492 -0.9762952 -4.7369752 -0.7008003 -0.2244719 0.1691138 0.6556611
1654673894.227571 -2.4087658 -0.9426759 -4.7605424 -0.7013643 -0.2246874 0.1687276 0.6550834
1654673894.777413 -2.4317939 -0.8953755 -4.7860227 -0.7022605 -0.2229372 0.1692534 0.6545852
1654673895.327990 -2.4508090 -0.8526276 -4.8023100 -0.7029303 -0.2204553 0.1710336 0.6542444
1654673895.925966 -2.4594662 -0.8123493 -4.8128476 -0.7032689 -0.2205009 0.1772018 0.6522200
1654673896.427045 -2.4656296 -0.7949679 -4.8143730 -0.7028013 -0.2191470 0.1784370 0.6528435
1654673896.975631 -2.4649813 -0.7949846 -4.8146858 -0.7028850 -0.2188682 0.1782419 0.6529003
1654673897.477055 -2.4654043 -0.7936681 -4.8146501 -0.7031282 -0.2185789 0.1783031 0.6527187
1654673898.025683 -2.4659560 -0.7939515 -4.8145814 -0.7031597 -0.2185324 0.1782158 0.6527242
1654673898.526634 -2.4655159 -0.7943121 -4.8147607 -0.7030059 -0.2186661 0.1782186 0.6528443
1654673899.076243 -2.4660068 -0.7947364 -4.8148909 -0.7028121 -0.2185842 0.1779201 0.6531620
1654673899.577083 -2.4659472 -0.7941039 -4.8148026 -0.7027805 -0.2187231 0.1778836 0.6531593
1654673900.125319 -2.4660904 -0.7946723 -4.8145695 -0.7029334 -0.2183961 0.1780484 0.6530592
1654673900.627086 -2.4658556 -0.7949314 -4.8147817 -0.7028754 -0.2184738 0.1779778 0.6531150
1654673901.174728 -2.4658706 -0.7947158 -4.8148866 -0.7028478 -0.2184586 0.1779869 0.6531473
1654673901.675648 -2.4656043 -0.7948985 -4.8149724 -0.7028197 -0.2184985 0.1779772 0.6531668
