1654674490.632436 0.2043716 -0.1824090 -0.0227187 -0.7347556 -0.0634467 0.0163230 0.6751608
1654674490.884445 0.2348297 -0.1760819 -0.0215995 -0.7349088 -0.0610867 0.0136840 0.6752703
1654674493.285454 0.5000974 -0.1342188 -0.0175219 -0.7359940 -0.0397814 -0.0059241 0.6757900
1654674496.134895 0.9399680 -0.0991590 -0.0114351 -0.7366676 -0.0051021 -0.0372044 0.6752098
1654674496.935281 1.0519501 -0.0968834 -0.0095898 -0.7365309 0.0037191 -0.0455591 0.6748558
1654674499.235791 1.0222727 -0.0974170 -0.0096690 -0.7364303 0.0020942 -0.0432791 0.6751232
1654674500.585274 0.8822163 -0.1008870 -0.0121439 -0.7365869 -0.0097579 -0.0334217 0.6754441
1654674503.183479 0.6336792 -0.1199620 -0.0159909 -0.7364796 -0.0288277 -0.0155614 0.6756644
1654674504.185347 0.6423489 -0.1173808 -0.0161367 -0.7366246 -0.0282167 -0.0164675 0.6755106
1654674506.885308 0.6446788 -0.1172101 -0.0167664 -0.7365422 -0.0281185 -0.0169814 0.6755918
1654674509.535433 0.6499072 -0.1158028 -0.0159110 -0.7365520 -0.0276341 -0.0174942 0.6755882
1654674512.235625 0.6439418 -0.2978072 0.0811159 -0.7356340 -0.0290655 -0.0175366 0.6765267
1654674513.285340 0.6485512 -0.3806986 0.1265218 -0.7350925 -0.0290397 -0.0175319 0.6771166
1654674516.285265 0.7172588 -0.3771801 0.1287230 -0.7352837 -0.0229266 -0.0228640 0.6769848
1654674519.085240 1.0603126 -0.3614031 0.1328053 -0.7353981 0.0063204 -0.0500106 0.6757572
1654674519.884420 1.0219952 -0.3643007 0.1338130 -0.7353559 0.0033801 -0.0457547 0.6761252
1654674520.435334 1.0060819 -0.3625992 0.1321256 -0.7352850 0.0011925 -0.0463312 0.6761709
1654674520.935519 0.8870919 -0.3688991 0.1315664 -0.7353854 -0.0078084 -0.0339540 0.6767515
1654674521.485165 0.8546483 -0.3668184 0.1295002 -0.7355449 -0.0116029 -0.0341634 0.6765130
1654674524.135573 0.4622226 -0.4054641 0.1223576 -0.7348304 -0.0449304 -0.0030557 0.6767529
1654674527.035291 0.3832110 -0.4000206 0.1108940 -0.7346568 -0.0512986 0.0032357 0.6764876
1654674529.685258 0.3768589 -0.4160891 0.1196537 -0.7345120 -0.0518834 0.0034162 0.6765996
1654674532.534379 0.4029995 -0.6310877 0.2361312 -0.7336163 -0.0507481 0.0035547 0.6776558
1654674535.285351 0.4273438 -0.8776063 0.3688025 -0.7326984 -0.0497011 0.0039437 0.6787238
1654674536.685383 0.4363422 -1.0405363 0.4516940 -0.7318810 -0.0506411 0.0038640 0.6795362
1654674536.982121 0.4380995 -1.0739930 0.4680860 -0.7317533 -0.0508799 0.0038730 0.6796553
1654674538.132813 0.4508287 -1.1952546 0.5320011 -0.7313126 -0.0503059 0.0034225 0.6801750
1654674538.483006 0.4516467 -1.2358866 0.5513052 -0.7310602 -0.0505259 0.0037356 0.6804287
1654674539.934665 0.4651071 -1.3932801 0.6322263 -0.7304972 -0.0509203 0.0038207 0.6810033
1654674540.434870 0.4680712 -1.4299486 0.6522112 -0.7300705 -0.0510840 0.0044821 0.6814443
1654674540.935052 0.4685329 -1.4256022 0.6516330 -0.7304301 -0.0506706 0.0037799 0.6810934
1654674541.234807 0.4665903 -1.4264634 0.6501176 -0.7306216 -0.0507743 0.0037193 0.6808812
1654674541.735353 0.4691096 -1.4274510 0.6505569 -0.7303870 -0.0508598 0.0040391 0.6811243
1654674542.235286 0.4640992 -1.4119256 0.7574725 -0.7227113 -0.0496055 0.0054551 0.6893455
1654674542.485266 0.4604455 -1.3956305 0.8136398 -0.7205390 -0.0502186 0.0048048 0.6915761
1654674542.983587 0.4529413 -1.3501110 0.9382321 -0.7191176 -0.0498390 0.0045739 0.6930827
1654674543.232912 0.4465003 -1.3290282 0.9929433 -0.7194106 -0.0504039 0.0035667 0.6927438
1654674543.482979 0.4441085 -1.3077790 1.0556871 -0.7188492 -0.0500292 0.0032443 0.6933553
1654674543.782974 0.4390725 -1.2828567 1.1305416 -0.7183781 -0.0501663 0.0028520 0.6938346
1654674544.432885 0.4301537 -1.2348882 1.2842607 -0.7178886 -0.0499300 0.0016216 0.6943624
1654674544.632895 0.4269795 -1.2238923 1.3283910 -0.7178653 -0.0501791 0.0016472 0.6943685
1654674545.334642 0.4171429 -1.1826131 1.4896364 -0.7178736 -0.0494582 0.0005449 0.6944129
1654674545.784779 0.4136738 -1.1564871 1.5903904 -0.7180377 -0.0494722 -0.0005467 0.6942429
1654674546.434162 0.4066614 -1.1240051 1.7317215 -0.7183440 -0.0493193 -0.0014676 0.6939353
1654674546.684604 0.4037229 -1.1113951 1.7832152 -0.7185288 -0.0491243 -0.0016153 0.6937575
1654674546.885034 0.4015279 -1.1035643 1.8204024 -0.7186643 -0.0492245 -0.0017352 0.6936095
1654674547.084817 0.4001206 -1.0970681 1.8557500 -0.7189029 -0.0489903 -0.0022072 0.6933776
1654674547.435021 0.3987446 -1.0869317 1.9163945 -0.7191755 -0.0488074 -0.0022621 0.6931077
1654674547.885080 0.3961661 -1.0790275 1.9920578 -0.7193798 -0.0487733 -0.0028535 0.6928954
1654674548.535059 0.3925805 -1.0645216 2.0933001 -0.7198951 -0.0483917 -0.0031600 0.6923850
1654674549.735272 0.3859606 -1.0434810 2.1725595 -0.7223240 -0.0485736 -0.0050934 0.6898270
1654674549.835351 0.3873792 -1.0475184 2.1795025 -0.7216058 -0.0481940 -0.0040488 0.6906116
1654674550.835365 0.4151956 -1.0401548 2.1741159 -0.7225528 -0.0461610 -0.0071478 0.6897347
1654674551.135522 0.4837011 -1.0328157 2.1852751 -0.7215299 -0.0385732 -0.0121247 0.6912004
1654674551.535431 0.5550377 -1.0219238 2.1807513 -0.7226461 -0.0319949 -0.0202984 0.6901784
1654674551.885620 0.6323081 -1.0110110 2.1823621 -0.7227177 -0.0245887 -0.0268534 0.6901824
1654674552.234761 0.7294091 -1.0024639 2.1877754 -0.7222624 -0.0147023 -0.0354980 0.6905501
1654674552.385335 0.7659371 -0.9986336 2.1862578 -0.7223335 -0.0106145 -0.0390932 0.6903565
1654674552.535648 0.8003428 -0.9939270 2.1819386 -0.7230062 -0.0081053 -0.0431425 0.6894441
1654674552.885335 0.8956604 -0.9895504 2.1902618 -0.7220380 0.0018217 -0.0508671 0.6899775
1654674553.235256 0.9908133 -0.9850799 2.1863511 -0.7226113 0.0104256 -0.0610217 0.6884758
1654674553.435331 1.0420928 -0.9879106 2.1932321 -0.7217134 0.0159238 -0.0647964 0.6889676
1654674553.585317 1.0821054 -0.9859796 2.1900487 -0.7219448 0.0196043 -0.0691574 0.6882058
1654674553.735295 1.1232555 -0.9857794 2.1874866 -0.7221767 0.0235778 -0.0737372 0.6873615
1654674553.934421 1.1781908 -0.9899164 2.1952994 -0.7213944 0.0296082 -0.0783673 0.6874376
1654674554.083117 1.2186800 -0.9928263 2.1950512 -0.7209469 0.0337400 -0.0817689 0.6873202
1654674554.534634 1.3374972 -1.0012354 2.1977143 -0.7201174 0.0455672 -0.0932833 0.6860400
1654674554.885365 1.4329571 -1.0064495 2.1942410 -0.7198766 0.0552557 -0.1027043 0.6842332
1654674555.033793 1.4749783 -1.0143582 2.1991241 -0.7191666 0.0591822 -0.1062946 0.6841031
1654674555.184870 1.5138583 -1.0208730 2.2019532 -0.7184619 0.0632375 -0.1100263 0.6838908
1654674555.334782 1.5521772 -1.0253286 2.1987693 -0.7184282 0.0669621 -0.1140167 0.6829169
1654674555.635366 1.6354973 -1.0381675 2.2015903 -0.7173333 0.0753122 -0.1214271 0.6819205
1654674555.785333 1.6789019 -1.0445502 2.2031858 -0.7166255 0.0794906 -0.1252968 0.6814903
1654674556.085410 1.7623091 -1.0548282 2.2014275 -0.7160526 0.0872622 -0.1334749 0.6795856
1654674556.235452 1.8018317 -1.0650520 2.2054958 -0.7151031 0.0914714 -0.1368504 0.6793607
1654674556.535322 1.8834226 -1.0809391 2.2036488 -0.7142691 0.0994336 -0.1452226 0.6773785
1654674556.685407 1.9265522 -1.0910904 2.2053595 -0.7135862 0.1036895 -0.1490974 0.6766179
1654674556.835377 1.9674766 -1.1025150 2.2091713 -0.7125722 0.1080059 -0.1526392 0.6762217
1654674557.035332 2.0210180 -1.1160429 2.2076128 -0.7118263 0.1133539 -0.1580438 0.6748886
1654674557.185282 2.0600405 -1.1281891 2.2065771 -0.7112575 0.1171429 -0.1620705 0.6738856
1654674557.335274 2.1007457 -1.1418004 2.2100453 -0.7102492 0.1213994 -0.1656338 0.6733295
1654674557.685670 2.1991236 -1.1717715 2.2093165 -0.7085841 0.1313615 -0.1750674 0.6708224
1654674557.835330 2.2394955 -1.1863711 2.2108293 -0.7075900 0.1355639 -0.1790096 0.6699944
1654674558.135318 2.3166692 -1.2172602 2.2130680 -0.7058020 0.1434348 -0.1865894 0.6681706
1654674558.635302 2.4518690 -1.2691449 2.2164669 -0.7024493 0.1575952 -0.1995308 0.6647663
1654674558.785354 2.4909241 -1.2844813 2.2142334 -0.7016496 0.1615790 -0.2036372 0.6634079
1654674558.935329 2.5295644 -1.3023697 2.2155650 -0.7006504 0.1657672 -0.2074672 0.6622429
1654674559.135540 2.5794127 -1.3286167 2.2183428 -0.6989809 0.1712299 -0.2117938 0.6612476
1654674559.685374 2.7224381 -1.3976114 2.2208319 -0.6947726 0.1867449 -0.2261083 0.6567268
1654674560.185536 2.8462110 -1.4603535 2.2225134 -0.6909491 0.1999517 -0.2384451 0.6524957
1654674560.285264 2.8716986 -1.4764563 2.2232361 -0.6901013 0.2023402 -0.2414535 0.6515496
1654674560.584414 2.9472768 -1.5228512 2.2229304 -0.6876680 0.2109445 -0.2489207 0.6485765
1654674560.985421 3.0396061 -1.5818262 2.2256665 -0.6841117 0.2215270 -0.2586256 0.6450027
1654674561.335311 3.1281652 -1.6403013 2.2277238 -0.6806992 0.2311722 -0.2675363 0.6415845
1654674561.685764 3.2143192 -1.6979756 2.2303021 -0.6775537 0.2407050 -0.2759555 0.6378318
1654674562.035262 3.3023062 -1.7589186 2.2331820 -0.6742151 0.2493847 -0.2840524 0.6344711
1654674562.385298 3.3883581 -1.8230493 2.2286003 -0.6704974 0.2584281 -0.2931897 0.6306236
1654674563.085300 3.5290396 -1.9507692 2.2269766 -0.6628175 0.2765795 -0.3098817 0.6230158
1654674563.235353 3.5553741 -1.9784036 2.2338505 -0.6613298 0.2807205 -0.3135053 0.6209281
1654674563.435467 3.5946717 -2.0186033 2.2404728 -0.6590096 0.2861254 -0.3184263 0.6184187
1654674563.785386 3.6655984 -2.0890706 2.2363334 -0.6550571 0.2945291 -0.3263514 0.6145293
1654674564.235205 3.7645009 -2.1903214 2.2332613 -0.6493072 0.3062650 -0.3369202 0.6091675
1654674564.385311 3.7945766 -2.2234094 2.2365456 -0.6477813 0.3096876 -0.3408502 0.6068715
1654674564.534511 3.8214967 -2.2574372 2.2428577 -0.6460229 0.3135699 -0.3440946 0.6049180
1654674564.734388 3.8541059 -2.3017812 2.2497382 -0.6434118 0.3188768 -0.3477405 0.6028384
1654674565.335352 3.9660919 -2.4470892 2.2456450 -0.6355005 0.3337540 -0.3619455 0.5947613
1654674565.485627 3.9933400 -2.4823124 2.2422314 -0.6336073 0.3371976 -0.3652842 0.5927947
1654674565.985492 4.0793052 -2.6048779 2.2442942 -0.6269192 0.3491893 -0.3763819 0.5859815
1654674566.134493 4.1050701 -2.6396024 2.2448709 -0.6248644 0.3530346 -0.3799298 0.5835773
1654674566.484846 4.1679859 -2.7230995 2.2413726 -0.6197488 0.3613908 -0.3873389 0.5790292
1654674566.635419 4.1927090 -2.7598004 2.2360969 -0.6177482 0.3645087 -0.3909512 0.5767810
1654674566.835245 4.2235212 -2.8139195 2.2326703 -0.6147721 0.3689792 -0.3952270 0.5741979
1654674566.985473 4.2491059 -2.8591566 2.2299907 -0.6125497 0.3724348 -0.3984673 0.5720986
1654674567.135498 4.2731156 -2.9029713 2.2262692 -0.6101778 0.3760515 -0.4015151 0.5701332
1654674567.585408 4.3331017 -3.0197959 2.2264314 -0.6036624 0.3860609 -0.4115826 0.5631575
1654674567.735616 4.3486819 -3.0547581 2.2287395 -0.6013939 0.3897767 -0.4148171 0.5606461
1654674568.035381 4.3788118 -3.1350782 2.2348452 -0.5963767 0.3974210 -0.4211471 0.5559001
1654674568.185256 4.3973470 -3.1756024 2.2365198 -0.5940499 0.4010494 -0.4242594 0.5534135
1654674568.384511 4.4234266 -3.2294681 2.2359238 -0.5909511 0.4055059 -0.4286242 0.5501100
1654674568.685317 4.4604111 -3.3088267 2.2352660 -0.5865737 0.4115583 -0.4345896 0.5456020
1654674569.535488 4.5071721 -3.4524744 2.2442272 -0.5781364 0.4237002 -0.4450205 0.5368349
1654674569.885372 4.5242071 -3.5024204 2.2438159 -0.5747446 0.4281262 -0.4493261 0.5333678
1654674571.685554 4.5452237 -3.5843134 2.2529795 -0.5719086 0.4321734 -0.4524356 0.5305163
1654674573.285529 4.5987787 -3.5504146 2.2288630 -0.5722271 0.4312859 -0.4525160 0.5308263
1654674574.585221 4.6022711 -3.5550523 2.2249403 -0.5716674 0.4319674 -0.4530683 0.5304041
1654674575.536105 4.6007257 -3.5442576 2.2913759 -0.5713253 0.4313316 -0.4541083 0.5304005
1654674575.685438 4.6041703 -3.5451653 2.3092041 -0.5708727 0.4312507 -0.4541480 0.5309196
1654674580.485790 4.6096358 -3.5446680 3.0009942 -0.5743826 0.4351766 -0.4536462 0.5243186
1654674580.785339 4.6059799 -3.5455036 3.0494084 -0.5742528 0.4357063 -0.4537943 0.5238922
1654674581.135429 4.6034493 -3.5449400 3.1042163 -0.5743110 0.4361193 -0.4534649 0.5237702
1654674581.285591 4.6037908 -3.5446236 3.1272371 -0.5744591 0.4360803 -0.4536548 0.5234756
1654674581.435742 4.6024528 -3.5429809 3.1500685 -0.5744221 0.4361829 -0.4538200 0.5232877
1654674581.785417 4.5942154 -3.5418155 3.2092488 -0.5742182 0.4373094 -0.4533218 0.5230029
1654674582.135657 4.5901728 -3.5428531 3.2703931 -0.5743714 0.4376974 -0.4536039 0.5222648
1654674582.285412 4.5886793 -3.5469594 3.2966685 -0.5749612 0.4373870 -0.4535898 0.5218881
1654674582.485407 4.5865865 -3.5511189 3.3310032 -0.5757354 0.4370255 -0.4536731 0.5212642
1654674582.635377 4.5842338 -3.5522695 3.3554077 -0.5759508 0.4370517 -0.4538654 0.5208374
1654674582.885409 4.5794687 -3.5520334 3.3927970 -0.5756000 0.4375600 -0.4536871 0.5209536
1654674583.233413 4.5739832 -3.5516200 3.4449847 -0.5751250 0.4383776 -0.4533227 0.5211081
1654674583.385436 4.5715332 -3.5524154 3.4680324 -0.5751333 0.4385583 -0.4532801 0.5209834
1654674583.585406 4.5661201 -3.5553992 3.4984679 -0.5751624 0.4385064 -0.4534465 0.5208506
1654674583.785336 4.5607028 -3.5574942 3.5318098 -0.5755569 0.4386719 -0.4533511 0.5203578
1654674584.185442 4.5511160 -3.5616150 3.5978909 -0.5759370 0.4390033 -0.4533003 0.5197018
1654674584.585441 4.5405641 -3.5647850 3.6635146 -0.5761448 0.4395629 -0.4530158 0.5192468
1654674585.085332 4.5250144 -3.5675025 3.7452471 -0.5764253 0.4400434 -0.4530302 0.5185151
1654674585.485641 4.5102301 -3.5682068 3.8051374 -0.5758977 0.4409865 -0.4529988 0.5183272
1654674585.885597 4.4966602 -3.5709841 3.8652294 -0.5759166 0.4413249 -0.4532426 0.5178055
1654674586.085724 4.4906616 -3.5704360 3.8978820 -0.5760737 0.4416238 -0.4533257 0.5173032
1654674586.286404 4.4836564 -3.5709243 3.9298577 -0.5760785 0.4418226 -0.4534510 0.5170173
1654674586.485336 4.4743643 -3.5723686 3.9647040 -0.5764999 0.4420891 -0.4531918 0.5165465
1654674586.885531 4.4588027 -3.5713105 4.0216861 -0.5764067 0.4428896 -0.4532126 0.5159470
1654674587.783291 4.4377880 -3.5704312 4.0968475 -0.5760267 0.4436743 -0.4536529 0.5153098
1654674588.735451 4.4401412 -3.5691488 4.0974493 -0.5770027 0.4449073 -0.4530149 0.5137138
1654674589.185139 4.4281168 -3.5409787 4.1053276 -0.5776615 0.4437986 -0.4500976 0.5164892
1654674589.385019 4.4152436 -3.5059526 4.1053543 -0.5814636 0.4399004 -0.4474329 0.5178711
1654674589.585080 4.3996243 -3.4742770 4.1097951 -0.5832353 0.4371233 -0.4448405 0.5204570
1654674589.785364 4.3927155 -3.4455743 4.1100574 -0.5850220 0.4353798 -0.4435437 0.5210196
1654674590.035287 4.3812876 -3.4077573 4.1047916 -0.5868941 0.4328827 -0.4423392 0.5220183
1654674590.335150 4.3570666 -3.3476591 4.1047120 -0.5893673 0.4287616 -0.4396983 0.5248560
1654674590.535135 4.3387203 -3.3000250 4.0984659 -0.5925813 0.4244532 -0.4365500 0.5273613
1654674590.735094 4.3180947 -3.2590075 4.0962200 -0.5944837 0.4211635 -0.4337949 0.5301239
1654674590.935069 4.2982831 -3.2210639 4.0914998 -0.5963863 0.4171338 -0.4308389 0.5335725
1654674591.185075 4.2805967 -3.1752772 4.0836158 -0.5997325 0.4124568 -0.4271576 0.5364100
1654674591.385172 4.2656050 -3.1431823 4.0811124 -0.6020561 0.4083338 -0.4243086 0.5392151
1654674591.632892 4.2449226 -3.0987201 4.0809669 -0.6047587 0.4048863 -0.4198485 0.5422732
1654674591.835310 4.2188530 -3.0566008 4.0783000 -0.6069552 0.4018698 -0.4170164 0.5442448
1654674592.035706 4.1908364 -3.0191755 4.0787816 -0.6090035 0.3980773 -0.4135289 0.5473957
1654674592.235359 4.1663222 -2.9804554 4.0779209 -0.6115403 0.3942775 -0.4105259 0.5495738
1654674592.435302 4.1485577 -2.9422903 4.0775690 -0.6140106 0.3911676 -0.4071358 0.5515600
1654674592.685414 4.1260104 -2.8951666 4.0834131 -0.6168889 0.3870500 -0.4029599 0.5543127
1654674592.885205 4.1077323 -2.8566501 4.0836310 -0.6193875 0.3837303 -0.3996081 0.5562574
1654674593.085404 4.0867395 -2.8177719 4.0829744 -0.6216890 0.3801069 -0.3966583 0.5582855
1654674593.284594 4.0605073 -2.7798798 4.0827885 -0.6240499 0.3757162 -0.3938857 0.5605821
1654674593.535106 4.0286565 -2.7319703 4.0772204 -0.6272632 0.3703845 -0.3903702 0.5629972
1654674593.736183 4.0018225 -2.6953645 4.0747037 -0.6294294 0.3664987 -0.3872833 0.5652500
1654674593.835135 3.9870584 -2.6789010 4.0751905 -0.6303362 0.3647658 -0.3854132 0.5666369
1654674594.034279 3.9583335 -2.6433287 4.0724907 -0.6319979 0.3618194 -0.3819847 0.5689919
1654674594.184330 3.9392946 -2.6166055 4.0712290 -0.6334592 0.3596268 -0.3793419 0.5705231
1654674594.333966 3.9186120 -2.5896363 4.0713215 -0.6347484 0.3573932 -0.3766767 0.5722569
1654674594.534866 3.8912487 -2.5512936 4.0718727 -0.6364775 0.3542151 -0.3733703 0.5744744
1654674594.784960 3.8611233 -2.5027928 4.0707564 -0.6396375 0.3490855 -0.3698353 0.5763884
1654674594.984909 3.8349581 -2.4654310 4.0719361 -0.6414765 0.3458734 -0.3659487 0.5787573
1654674595.135385 3.8147388 -2.4388528 4.0739489 -0.6430644 0.3431989 -0.3632656 0.5802758
1654674595.335501 3.7880290 -2.4039710 4.0740194 -0.6451902 0.3395366 -0.3599662 0.5821233
1654674595.535470 3.7591681 -2.3703253 4.0735426 -0.6470969 0.3359382 -0.3565893 0.5841693
1654674595.935282 3.7005920 -2.3036556 4.0691566 -0.6505452 0.3289364 -0.3497639 0.5884346
1654674596.735271 3.5840893 -2.1718178 4.0663576 -0.6579759 0.3141182 -0.3370372 0.5956530
1654674597.084416 3.5344708 -2.1200337 4.0657010 -0.6608152 0.3079995 -0.3315613 0.5987698
1654674597.835324 3.5493150 -2.1356435 4.0700397 -0.6601087 0.3108050 -0.3321693 0.5977618
1654674598.235293 3.5160704 -2.1107428 4.0672054 -0.6621466 0.3047618 -0.3299496 0.5998446
1654674598.635240 3.5511336 -2.1203527 4.0391436 -0.6615487 0.3088128 -0.3306885 0.5980226
1654674599.134369 3.5550852 -2.0992579 3.9710023 -0.6624487 0.3075821 -0.3303338 0.5978572
1654674599.585308 3.5750980 -2.0901277 3.9027975 -0.6628145 0.3076030 -0.3299748 0.5976390
1654674599.835356 3.5830610 -2.0923977 3.8705206 -0.6618837 0.3075663 -0.3306043 0.5983415
1654674600.282901 3.5971270 -2.0761201 3.7918382 -0.6624212 0.3069761 -0.3303284 0.5982022
1654674600.482943 3.5987828 -2.0695779 3.7588615 -0.6620974 0.3063363 -0.3297635 0.5991992
1654674600.732839 3.6088185 -2.0598242 3.7081056 -0.6627164 0.3057996 -0.3302597 0.5985155
1654674600.932977 3.6155872 -2.0618951 3.6746697 -0.6620009 0.3058687 -0.3299395 0.5994480
1654674601.132910 3.6213331 -2.0597789 3.6396470 -0.6615741 0.3058846 -0.3301713 0.5997832
1654674601.332893 3.6292603 -2.0517626 3.6000345 -0.6618471 0.3062704 -0.3300390 0.5993580
1654674601.482985 3.6309888 -2.0468497 3.5736122 -0.6618477 0.3057114 -0.3300002 0.5996643
1654674601.882895 3.6367562 -2.0311878 3.5000930 -0.6615102 0.3051430 -0.3294320 0.6006376
1654674602.334600 3.6498976 -2.0268831 3.4164548 -0.6606336 0.3049637 -0.3298349 0.6014720
1654674602.584616 3.6561646 -2.0247200 3.3664522 -0.6608816 0.3045740 -0.3296971 0.6014727
1654674602.834601 3.6567974 -2.0238767 3.3212917 -0.6605938 0.3039199 -0.3291273 0.6024308
1654674603.085004 3.6632848 -2.0222008 3.2728574 -0.6604765 0.3036368 -0.3291202 0.6027061
1654674603.335153 3.6705759 -2.0195370 3.2234554 -0.6603779 0.3033675 -0.3294630 0.6027625
1654674603.835114 3.6768441 -2.0027523 3.1255364 -0.6601090 0.3024371 -0.3295056 0.6035008
1654674604.135234 3.6813941 -1.9968302 3.0708935 -0.6594537 0.3026312 -0.3291233 0.6043282
1654674604.385270 3.6852701 -1.9910434 3.0220795 -0.6595196 0.3022249 -0.3295144 0.6042464
1654674604.883819 3.6888196 -1.9948711 2.9252541 -0.6593012 0.3007926 -0.3296174 0.6051428
1654674605.135330 3.6899171 -1.9964011 2.8742247 -0.6589948 0.3008941 -0.3296329 0.6054177
1654674605.385310 3.6883101 -1.9948310 2.8348598 -0.6590179 0.3003175 -0.3297806 0.6055983
1654674605.685334 3.6843271 -1.9952810 2.8324459 -0.6585119 0.3001312 -0.3298296 0.6062142
1654674606.284847 3.6840973 -1.9992578 2.8436751 -0.6573732 0.3000144 -0.3295218 0.6076734
1654674611.977801 4.8901124 -3.2658906 3.0140171 -0.5892156 0.4164944 -0.4312346 0.5416585
1654674612.077794 4.9020562 -3.2969122 3.0160530 -0.5872664 0.4191660 -0.4330713 0.5402473
1654674612.376842 4.9372401 -3.3916819 3.0175602 -0.5815190 0.4268916 -0.4397732 0.5349742
1654674612.626916 4.9641771 -3.4676056 3.0145838 -0.5774007 0.4326475 -0.4451572 0.5303380
1654674612.877903 4.9874029 -3.5425665 3.0150435 -0.5726273 0.4385641 -0.4500456 0.5265144
1654674613.128011 5.0141649 -3.6165133 3.0112727 -0.5684122 0.4445988 -0.4553282 0.5214544
1654674613.378190 5.0373182 -3.6932321 3.0142212 -0.5632753 0.4506914 -0.4604337 0.5172983
1654674613.677954 5.0657220 -3.7818460 3.0112712 -0.5574080 0.4585843 -0.4661537 0.5115628
1654674613.976896 5.0894098 -3.8689375 3.0161939 -0.5513286 0.4657730 -0.4718416 0.5064152
1654674614.628002 5.0827579 -3.8264375 3.0162582 -0.5560669 0.4594542 -0.4695277 0.5091497
1654674614.827886 5.0956697 -3.8588126 3.0146482 -0.5538092 0.4629480 -0.4714275 0.5066845
1654674615.827815 5.0915985 -3.8527839 3.0144401 -0.5531307 0.4635825 -0.4715345 0.5067461
1654674616.226898 5.0725255 -3.8393514 3.0604348 -0.5526779 0.4609317 -0.4710101 0.5101348
1654674616.677786 5.0701280 -3.8413825 3.1220870 -0.5540348 0.4614320 -0.4717341 0.5075347
1654674616.827772 5.0646205 -3.8526220 3.1593335 -0.5527729 0.4623105 -0.4714663 0.5083596
1654674616.977111 5.0603094 -3.8576980 3.1941733 -0.5521606 0.4620948 -0.4718500 0.5088648
1654674617.127015 5.0631280 -3.8544555 3.2187955 -0.5531404 0.4626209 -0.4716200 0.5075337
1654674617.277947 5.0624690 -3.8503611 3.2449634 -0.5543059 0.4622250 -0.4713529 0.5068710
1654674617.427845 5.0585256 -3.8501520 3.2812934 -0.5542189 0.4621817 -0.4712527 0.5070983
1654674617.828183 5.0501289 -3.8462582 3.3652132 -0.5547174 0.4623989 -0.4712976 0.5063133
1654674618.177836 5.0382376 -3.8527222 3.4474869 -0.5538699 0.4633799 -0.4715748 0.5060862
1654674618.327921 5.0346775 -3.8552423 3.4793115 -0.5535403 0.4643573 -0.4713405 0.5057686
1654674618.627901 5.0251751 -3.8514762 3.5394325 -0.5540408 0.4651576 -0.4713575 0.5044680
1654674618.828001 5.0131822 -3.8504810 3.5873890 -0.5536160 0.4652179 -0.4709876 0.5052239
1654674618.977135 5.0070033 -3.8495848 3.6187596 -0.5539714 0.4651461 -0.4709800 0.5049072
1654674619.177607 4.9999194 -3.8503931 3.6590276 -0.5544862 0.4654873 -0.4709838 0.5040231
1654674619.678244 4.9709091 -3.8599255 3.7719388 -0.5545306 0.4662092 -0.4710155 0.5032768
1654674619.927811 4.9583225 -3.8641047 3.8260627 -0.5547311 0.4668190 -0.4708267 0.5026680
1654674620.426947 4.9366727 -3.8702953 3.9348233 -0.5548209 0.4673848 -0.4713311 0.5015680
1654674620.578261 4.9296341 -3.8722880 3.9677277 -0.5550115 0.4673080 -0.4714855 0.5012849
1654674620.777848 4.9190445 -3.8751905 4.0118861 -0.5548238 0.4674857 -0.4715042 0.5013093
1654674621.128137 4.9012098 -3.8782964 4.0849376 -0.5551957 0.4680626 -0.4715072 0.5003545
1654674621.327915 4.8872318 -3.8799772 4.1279879 -0.5551893 0.4682353 -0.4715627 0.5001487
1654674621.527768 4.8730898 -3.8817179 4.1703873 0.5550418 -0.4685748 0.4715963 -0.4999630
1654674621.877775 4.8479729 -3.8836131 4.2449899 0.5552056 -0.4694265 0.4715556 -0.4990197
1654674622.326908 4.8139057 -3.8876317 4.3442574 0.5554314 -0.4704005 0.4714217 -0.4979768
1654674622.576941 4.7990255 -3.8938603 4.3857446 0.5553619 -0.4704227 0.4711364 -0.4983032
1654674623.577437 4.8018985 -3.9049690 4.3905659 0.5562764 -0.4710375 0.4700679 -0.4977108
1654674624.276688 4.7939024 -3.8759778 4.3843927 0.5571247 -0.4701872 0.4684821 -0.4990588
1654674624.527981 4.7792311 -3.8323262 4.3866105 -0.5600190 0.4665128 -0.4660666 0.5015231
1654674625.027959 4.7631831 -3.7655213 4.3858795 -0.5650314 0.4609470 -0.4606438 0.5060367
1654674625.327725 4.7508759 -3.7356133 4.3883796 -0.5670591 0.4570701 -0.4574865 0.5101340
1654674625.577822 4.7429070 -3.6883135 4.3792310 -0.5707864 0.4528190 -0.4545462 0.5123910
1654674625.828123 4.7193985 -3.6349671 4.3806286 -0.5742249 0.4472651 -0.4495890 0.5177729
1654674626.027876 4.7024536 -3.5902095 4.3810062 -0.5768940 0.4435397 -0.4457235 0.5213400
1654674626.227835 4.6881213 -3.5418811 4.3815699 -0.5796906 0.4409060 -0.4428791 0.5228940
1654674626.428110 4.6630831 -3.4900692 4.3902707 -0.5825627 0.4371967 -0.4389888 0.5260873
1654674626.577951 4.6431446 -3.4443557 4.3940372 -0.5850601 0.4340949 -0.4365482 0.5279122
1654674626.827935 4.6155024 -3.3667524 4.3913121 -0.5901088 0.4283107 -0.4326857 0.5301922
1654674627.027720 4.5892558 -3.3124173 4.3906889 -0.5931292 0.4234997 -0.4286028 0.5339893
1654674627.227511 4.5670676 -3.2626693 4.3892150 -0.5960128 0.4189794 -0.4246308 0.5375059
1654674627.476751 4.5442286 -3.2094119 4.3832173 -0.6004842 0.4127735 -0.4198620 0.5410653
1654674627.677239 4.5201859 -3.1715207 4.3830123 -0.6030082 0.4078553 -0.4159684 0.5449810
1654674627.927725 4.4940891 -3.1210809 4.3853641 -0.6064929 0.4030449 -0.4104566 0.5488582
1654674628.127787 4.4686060 -3.0810957 4.3869181 -0.6104432 0.3974410 -0.4054480 0.5522779
1654674628.327981 4.4367905 -3.0374093 4.3940949 -0.6139230 0.3921384 -0.4004430 0.5558509
1654674628.527622 4.4089718 -2.9910660 4.4010377 -0.6178148 0.3877103 -0.3953293 0.5583001
1654674628.728265 4.3803997 -2.9389746 4.3956161 -0.6207671 0.3826405 -0.3919227 0.5609187
1654674628.928085 4.3496914 -2.8892758 4.3919301 -0.6230029 0.3774454 -0.3880790 0.5646202
1654674629.078162 4.3315091 -2.8496828 4.3897047 -0.6248322 0.3741949 -0.3854398 0.5665666
1654674629.178073 4.3177977 -2.8226848 4.3878322 -0.6261712 0.3720790 -0.3834783 0.5678111
1654674629.327918 4.2942967 -2.7844393 4.3876052 -0.6281909 0.3690312 -0.3807151 0.5694268
1654674629.526847 4.2586899 -2.7399230 4.3888445 -0.6306583 0.3642603 -0.3763774 0.5726456
1654674629.627262 4.2401891 -2.7180510 4.3885779 -0.6319831 0.3618724 -0.3745985 0.5738640
1654674629.826379 4.2059236 -2.6744423 4.3864121 -0.6350637 0.3567922 -0.3706264 0.5762188
1654674630.027266 4.1758347 -2.6341436 4.3888645 -0.6379015 0.3520701 -0.3657450 0.5791006
1654674630.228096 4.1473022 -2.5949063 4.3956132 -0.6407840 0.3473732 -0.3606048 0.5819712
1654674630.328059 4.1343174 -2.5754900 4.3991346 -0.6424690 0.3449274 -0.3580211 0.5831618
1654674630.478563 4.1141415 -2.5464945 4.4017639 -0.6450634 0.3409998 -0.3546782 0.5846488
1654674630.628258 4.0907154 -2.5197113 4.4013624 -0.6471115 0.3367628 -0.3510055 0.5870531
1654674630.877745 4.0461335 -2.4687681 4.4009161 -0.6500730 0.3304421 -0.3460399 0.5903121
1654674631.027829 4.0196366 -2.4377193 4.3968000 -0.6518732 0.3267391 -0.3430496 0.5921305
1654674631.177755 3.9909582 -2.4081898 4.3935037 -0.6534976 0.3230969 -0.3398637 0.5941723
1654674631.328038 3.9606180 -2.3778028 4.3918085 -0.6550158 0.3192767 -0.3368401 0.5962836
1654674633.227880 3.7881470 -2.2094288 4.3904376 -0.6650565 0.2979091 -0.3164455 0.6072980
1654674633.478830 3.7850533 -2.2023616 4.3766303 -0.6655259 0.2964892 -0.3152065 0.6081224
1654674633.777751 3.8206835 -2.1780338 4.3058262 -0.6683314 0.2976747 -0.3158552 0.6041167
1654674634.227678 3.8374758 -2.1661572 4.2316551 -0.6657716 0.2983394 -0.3143329 0.6074003
1654674634.427859 3.8493373 -2.1366329 4.1743851 -0.6676048 0.2980729 -0.3157971 0.6047536
1654674634.677886 3.8516917 -2.1243243 4.1218181 -0.6671125 0.2963935 -0.3142117 0.6069442
1654674634.827771 3.8576734 -2.1210833 4.0921445 -0.6661342 0.2966139 -0.3142030 0.6079150
1654674635.027899 3.8776278 -2.1100097 4.0330400 -0.6668588 0.2969012 -0.3147247 0.6067092
1654674635.127746 3.8879347 -2.1037538 4.0046806 -0.6672621 0.2974060 -0.3154400 0.6056460
1654674635.277809 3.8922696 -2.1047378 3.9734738 -0.6664289 0.2969328 -0.3148243 0.6071144
1654674635.628004 3.9081368 -2.0916090 3.8890235 -0.6662428 0.2960427 -0.3146996 0.6078174
1654674635.728142 3.9139981 -2.0826473 3.8592081 -0.6668200 0.2959141 -0.3150213 0.6070797
1654674635.976088 3.9155793 -2.0739021 3.8033402 -0.6659601 0.2946256 -0.3140049 0.6091737
1654674636.177469 3.9214611 -2.0664339 3.7539756 -0.6656376 0.2944877 -0.3137431 0.6097273
1654674636.376432 3.9352231 -2.0581617 3.6961172 -0.6662499 0.2949138 -0.3144610 0.6084813
1654674636.676852 3.9424067 -2.0607369 3.6286564 -0.6650571 0.2939647 -0.3138402 0.6105630
1654674637.427939 3.9542274 -2.0424948 3.4455957 -0.6646113 0.2924037 -0.3138779 0.6117768
1654674637.577846 3.9610662 -2.0402284 3.4082994 -0.6650873 0.2925194 -0.3140709 0.6111053
1654674638.328146 3.9562306 -2.0428581 3.3258982 -0.6636701 0.2907602 -0.3137565 0.6136414
1654674638.628335 3.9599056 -2.0425377 3.3238289 -0.6631281 0.2908011 -0.3146773 0.6137362
1654674639.027048 3.9506562 -2.0538633 3.3344316 -0.6617069 0.2900437 -0.3137297 0.6161095
1654674639.476930 3.9086103 -2.0102985 3.3206384 -0.6655687 0.2847401 -0.3101597 0.6162313
1654674639.827168 3.8581400 -1.9677858 3.3234036 -0.6677318 0.2788248 -0.3055070 0.6189143
1654674640.228188 3.8165343 -1.9450326 3.3315368 -0.6680147 0.2755172 -0.3004641 0.6225482
1654674640.375107 3.7945848 -1.9250824 3.3249903 -0.6697851 0.2723775 -0.2986179 0.6229160
1654674640.574581 3.7601385 -1.8846056 3.3137455 -0.6727986 0.2683096 -0.2955251 0.6229088
1654674640.776122 3.7154534 -1.8540604 3.3259258 -0.6729994 0.2641356 -0.2903539 0.6268950
1654674641.125318 3.6506841 -1.7882161 3.3139200 -0.6775078 0.2562804 -0.2844125 0.6280220
1654674641.527902 3.5658946 -1.7407790 3.3245044 -0.6791428 0.2477248 -0.2759008 0.6334624
1654674641.728282 3.5226545 -1.7031255 3.3129056 -0.6822796 0.2429341 -0.2729095 0.6332425
1654674641.927231 3.4724283 -1.6746143 3.3206816 -0.6831507 0.2381151 -0.2675496 0.6364130
1654674642.127113 3.4231124 -1.6429684 3.3226402 -0.6846203 0.2324670 -0.2625259 0.6390091
1654674642.527843 3.3381579 -1.5807652 3.3223197 -0.6879864 0.2241683 -0.2545744 0.6415715
1654674642.728251 3.2944162 -1.5524715 3.3252921 -0.6892210 0.2193034 -0.2508055 0.6434093
1654674643.128066 3.2003868 -1.4953377 3.3205438 -0.6925055 0.2098006 -0.2422208 0.6463338
1654674643.577173 3.0842829 -1.4274070 3.3160484 -0.6968101 0.1978484 -0.2321807 0.6491550
1654674643.927114 3.0008135 -1.3870318 3.3260903 -0.6982289 0.1901864 -0.2241917 0.6527190
1654674644.127055 2.9532776 -1.3558400 3.3185441 -0.7003917 0.1854392 -0.2206417 0.6529773
1654674644.376906 2.8884192 -1.3278818 3.3259609 -0.7011698 0.1794429 -0.2143847 0.6558949
1654674644.627812 2.8234198 -1.2902894 3.3199556 -0.7033687 0.1728815 -0.2093782 0.6569197
1654674644.977784 2.7282732 -1.2512575 3.3236699 -0.7050912 0.1636795 -0.2010226 0.6600335
1654674645.227175 2.6685216 -1.2239102 3.3187370 -0.7069079 0.1584461 -0.1959017 0.6609060
1654674645.628151 2.5639830 -1.1885561 3.3219380 -0.7084636 0.1490659 -0.1865819 0.6641122
1654674645.777755 2.5229206 -1.1716741 3.3181019 -0.7095605 0.1452637 -0.1833690 0.6646779
1654674646.178173 2.4087687 -1.1354108 3.3194535 -0.7115135 0.1343055 -0.1737648 0.6674689
1654674646.577916 2.3078287 -1.1018550 3.3134983 -0.7138700 0.1252456 -0.1655817 0.6687934
1654674646.776865 2.2526562 -1.0899975 3.3179622 -0.7141843 0.1203873 -0.1604616 0.6705953
1654674647.127707 2.1509714 -1.0608658 3.3113737 -0.7163203 0.1110951 -0.1527508 0.6717207
1654674647.277693 2.1055987 -1.0525752 3.3139210 -0.7166561 0.1069106 -0.1488582 0.6729144
1654674647.628063 2.0133288 -1.0308616 3.3116078 -0.7180776 0.0990210 -0.1408722 0.6743240
1654674647.777912 1.9733363 -1.0225430 3.3104606 -0.7186741 0.0951798 -0.1379000 0.6748558
1654674647.927777 1.9317874 -1.0173393 3.3135722 -0.7188050 0.0917552 -0.1340747 0.6759611
1654674648.128124 1.8726201 -1.0079279 3.3124237 -0.7195665 0.0865097 -0.1291030 0.6768095
1654674648.277889 1.8267630 -0.9990103 3.3088527 -0.7204096 0.0825627 -0.1257176 0.6770428
1654674648.427837 1.7812335 -0.9948090 3.3095639 -0.7207043 0.0783121 -0.1222901 0.6778613
1654674648.577828 1.7409716 -0.9908271 3.3122847 -0.7208413 0.0749810 -0.1184700 0.6787707
1654674648.728128 1.7008262 -0.9844283 3.3108311 -0.7213703 0.0715281 -0.1156142 0.6790732
1654674648.928282 1.6454314 -0.9748302 3.3072677 -0.7222024 0.0664489 -0.1113087 0.6794242
1654674649.077632 1.6034298 -0.9713043 3.3094077 -0.7223058 0.0629786 -0.1073910 0.6802743
1654674649.377509 1.5188528 -0.9618337 3.3078816 -0.7231267 0.0553430 -0.1007608 0.6810809
1654674649.577462 1.4647683 -0.9555789 3.3065858 -0.7235873 0.0507628 -0.0966149 0.6815487
1654674649.727481 1.4233069 -0.9541904 3.3089926 -0.7236189 0.0472839 -0.0927422 0.6823025
1654674649.927900 1.3664397 -0.9507880 3.3071811 -0.7240465 0.0422997 -0.0883528 0.6827589
1654674650.127833 1.3098154 -0.9465563 3.3043544 -0.7246102 0.0369539 -0.0839909 0.6830215
1654674650.478016 1.2181075 -0.9429826 3.3059797 -0.7247822 0.0292273 -0.0760887 0.6841387
1654674650.627954 1.1757207 -0.9412525 3.3031933 -0.7251726 0.0251666 -0.0731981 0.6842014
1654674650.977811 1.0742813 -0.9479596 3.3041451 -0.7252256 0.0165031 -0.0640951 0.6853217
1654674651.477762 0.9407986 -0.9483086 3.3019044 -0.7256418 0.0052867 -0.0532569 0.6859866
1654674651.978087 0.7984929 -0.9600314 3.2981238 -0.7258450 -0.0071959 -0.0424617 0.6865075
1654674652.477766 0.6746253 -0.9684896 3.2947240 -0.7258019 -0.0175479 -0.0323750 0.6869165
1654674652.828011 0.5846205 -0.9780893 3.2949431 -0.7254527 -0.0251348 -0.0247783 0.6873658
1654674653.026170 0.5311520 -0.9808418 3.2925925 -0.7254802 -0.0301155 -0.0211747 0.6872568
1654674653.228075 0.4752290 -0.9902232 3.2951140 -0.7252502 -0.0350407 -0.0162129 0.6874014
1654674653.728024 0.3927281 -1.0053438 3.2960668 -0.7251620 -0.0413793 -0.0093173 0.6872690
1654674655.477854 0.2734988 -1.0364989 3.2914658 -0.7244592 -0.0524282 0.0003827 0.6873200
1654674655.677826 0.2754443 -1.0350251 3.2929888 -0.7243394 -0.0525580 0.0005915 0.6874360
1654674656.027937 0.2805256 -1.0169768 3.2536275 -0.7256470 -0.0524802 0.0003256 0.6860617
1654674656.728087 0.2792966 -1.0040649 3.1275771 -0.7258703 -0.0533179 0.0002371 0.6857610
1654674657.227095 0.2844815 -1.0008962 3.0279140 -0.7246024 -0.0537316 0.0014703 0.6870673
1654674657.376178 0.2831938 -0.9969558 2.9888682 -0.7251034 -0.0539254 0.0013446 0.6865228
1654674657.827229 0.2850114 -1.0060756 2.8939106 -0.7237163 -0.0537989 0.0024250 0.6879923
1654674658.177906 0.2862489 -1.0031090 2.8095758 -0.7234694 -0.0542890 0.0026562 0.6882127
1654674658.377786 0.2887705 -1.0029701 2.7656031 -0.7227984 -0.0545241 0.0029150 0.6888973
1654674658.528339 0.2893180 -0.9996970 2.7277298 -0.7231010 -0.0548540 0.0028850 0.6885542
1654674658.926359 0.2912040 -1.0072236 2.6360917 -0.7222297 -0.0547545 0.0038660 0.6894711
1654674659.477880 0.2931908 -1.0117458 2.5028231 -0.7216012 -0.0551154 0.0047166 0.6900942
1654674659.677855 0.2952740 -1.0128607 2.4535081 -0.7214298 -0.0555191 0.0044852 0.6902429
1654674660.277811 0.3000907 -1.0280421 2.3088160 -0.7209051 -0.0555240 0.0059328 0.6907798
1654674660.477772 0.3008083 -1.0321447 2.2578824 -0.7208627 -0.0558187 0.0057340 0.6908021
1654674660.877832 0.3039115 -1.0414978 2.1596408 -0.7203600 -0.0560125 0.0065521 0.6913030
1654674661.275106 0.3034858 -1.0569649 2.0614257 -0.7201540 -0.0555210 0.0073068 0.6915496
1654674661.475400 0.3058807 -1.0617028 2.0114646 -0.7201799 -0.0557226 0.0078684 0.6915004
1654674661.677955 0.3073308 -1.0708995 1.9602013 -0.7201600 -0.0559225 0.0078914 0.6915047
1654674662.125249 0.3120492 -1.0963520 1.8439204 -0.7198046 -0.0562380 0.0085635 0.6918408
1654674662.525539 0.3174623 -1.1220232 1.7407371 -0.7196500 -0.0563242 0.0092963 0.6919855
1654674662.725411 0.3191369 -1.1316392 1.6873593 -0.7197088 -0.0565398 0.0094706 0.6919043
1654674662.928141 0.3217980 -1.1428411 1.6337742 -0.7198193 -0.0567826 0.0097055 0.6917662
1654674663.076122 0.3247172 -1.1504099 1.5959119 -0.7199652 -0.0566441 0.0102419 0.6916179
1654674663.375625 0.3286755 -1.1694469 1.5144296 -0.7203107 -0.0567607 0.0106991 0.6912420
1654674663.526134 0.3310981 -1.1775231 1.4732246 -0.7204620 -0.0569125 0.0108169 0.6910697
1654674663.624645 0.3329707 -1.1835648 1.4459774 -0.7206243 -0.0569870 0.0110895 0.6908898
1654674663.775702 0.3356920 -1.1946707 1.4046042 -0.7208847 -0.0571537 0.0110701 0.6906046
1654674663.925623 0.3385590 -1.2065139 1.3627440 -0.7211965 -0.0573543 0.0111721 0.6902611
1654674664.575491 0.3473722 -1.2655925 1.1774974 -0.7223385 -0.0572818 0.0123639 0.6890514
1654674664.775579 0.3489152 -1.2834440 1.1208413 -0.7228423 -0.0580697 0.0123512 0.6884566
1654674665.175451 0.3549538 -1.3074199 1.0676056 -0.7221861 -0.0571703 0.0135151 0.6891986
1654674665.824949 0.3601106 -1.3345907 0.9782320 -0.7234100 -0.0574289 0.0134162 0.6878942
1654674666.477354 0.3654556 -1.3519344 0.9196573 -0.7245783 -0.0578182 0.0139028 0.6866206
1654674669.125478 0.3813286 -1.4261484 0.7146559 -0.7271888 -0.0588282 0.0140768 0.6837654
1654674670.442908 0.3832949 -1.4340073 0.6974710 -0.7275773 -0.0578308 0.0148825 0.6834213
1654674671.042931 0.3816401 -1.4186184 0.6869206 -0.7271578 -0.0589318 0.0154147 0.6837614
1654674672.194851 0.3678518 -1.2747464 0.6161944 -0.7282535 -0.0575478 0.0146951 0.6827281
1654674672.444808 0.3624842 -1.2397910 0.5902153 -0.7293303 -0.0588970 0.0141682 0.6814740
1654674673.295111 0.3515657 -1.1191542 0.5397009 -0.7290347 -0.0576269 0.0144313 0.6818930
1654674673.444372 0.3492271 -1.0976458 0.5264272 -0.7291699 -0.0581709 0.0142601 0.6817054
1654674673.894707 0.3445353 -1.0335575 0.4968929 -0.7295693 -0.0569535 0.0145603 0.6813748
1654674674.643209 0.3331285 -0.9270120 0.4420938 -0.7298959 -0.0571955 0.0148916 0.6809975
1654674674.845317 0.3290936 -0.8981414 0.4209606 -0.7308053 -0.0575711 0.0144137 0.6799998
1654674675.345388 0.3212504 -0.8236620 0.3899838 -0.7306874 -0.0569830 0.0144603 0.6801753
1654674676.245104 0.3022335 -0.6982350 0.3172536 -0.7317695 -0.0590531 0.0139103 0.6788458
1654674676.494280 0.3000760 -0.6630296 0.3053715 -0.7313892 -0.0580271 0.0144452 0.6793330
1654674676.895328 0.2942638 -0.6080137 0.2707944 -0.7321361 -0.0585798 0.0138253 0.6784930
1654674677.395264 0.2866472 -0.5386714 0.2396125 -0.7321552 -0.0582112 0.0142943 0.6784946
1654674677.645839 0.2837342 -0.5025498 0.2169866 -0.7326987 -0.0590281 0.0141052 0.6778408
1654674678.045233 0.2768697 -0.4473901 0.1970335 -0.7328279 -0.0579585 0.0143737 0.6777881
1654674678.394902 0.2611852 -0.3992043 0.1985288 -0.7393187 -0.0612481 0.0103262 0.6704845
1654674678.694874 0.2565331 -0.3578503 0.1864304 -0.7394739 -0.0600895 0.0112787 0.6704025
1654674678.995319 0.2536976 -0.3169240 0.1563099 -0.7400549 -0.0611209 0.0105702 0.6696795
1654674679.295360 0.2518462 -0.2802296 0.1412145 -0.7399024 -0.0602944 0.0108590 0.6699184
1654674679.545385 0.2483417 -0.2496414 0.1243362 -0.7399074 -0.0603435 0.0106941 0.6699112
1654674679.845401 0.2441460 -0.2162897 0.0999936 -0.7406583 -0.0610447 0.0108233 0.6690150
1654674680.195489 0.2441896 -0.1724516 0.0850724 -0.7405464 -0.0589328 0.0112688 0.6693211
1654674680.495311 0.2421765 -0.1419289 0.0620147 -0.7414132 -0.0591137 0.0111007 0.6683476
1654674680.795675 0.2379976 -0.1129866 0.0478474 -0.7413476 -0.0589533 0.0113434 0.6684304
1654674681.095543 0.2326885 -0.0858079 0.0329800 -0.7413301 -0.0592253 0.0112576 0.6684272
1654674681.395625 0.2277750 -0.0621709 0.0141324 -0.7419333 -0.0603216 0.0108319 0.6676665
1654674681.795640 0.2256662 -0.0324079 0.0035517 -0.7417939 -0.0598574 0.0111345 0.6678584
1654674682.145396 0.2225797 -0.0134826 -0.0133287 -0.7423692 -0.0601753 0.0109956 0.6671924
1654674682.495244 0.2227881 0.0034559 -0.0166878 -0.7421729 -0.0590681 0.0114061 0.6675029
1654674682.795260 0.2223399 0.0131812 -0.0253925 -0.7425603 -0.0591332 0.0111636 0.6670702
1654674683.095261 0.2217187 0.0195631 -0.0277011 -0.7425801 -0.0588842 0.0111461 0.6670707
