1654676060.880917 -0.0408658 -0.0339750 0.0144661 -0.7321383 -0.0506221 0.0009210 0.6792716
1654676061.180897 -0.0068834 -0.0281400 0.0142014 -0.7324820 -0.0466935 -0.0039293 0.6791717
1654676061.730932 0.0356205 -0.0219805 0.0148776 -0.7326722 -0.0410678 -0.0091766 0.6792777
1654676064.531671 0.2874449 -0.0015186 0.0200623 -0.7331483 -0.0080886 -0.0382753 0.6789402
1654676066.081793 0.4089208 0.0004747 0.0219500 -0.7330636 0.0075942 -0.0531004 0.6780397
1654676068.781724 0.3408189 0.0001866 0.0211722 -0.7331935 -0.0015909 -0.0450278 0.6785243
1654676070.881781 0.1846222 -0.0069807 0.0178096 -0.7331013 -0.0213008 -0.0261489 0.6792809
1654676071.931697 0.1043869 -0.0140371 0.0162852 -0.7329516 -0.0318367 -0.0165676 0.6793323
1654676074.531762 0.1012762 -0.0415302 0.0306419 -0.7325880 -0.0330013 -0.0167808 0.6796634
1654676076.831122 0.1023772 -0.1374119 0.0807061 -0.7318484 -0.0329621 -0.0162166 0.6804751
1654676079.681713 0.2778837 -0.1280499 0.0855040 -0.7321482 -0.0086675 -0.0376619 0.6800470
1654676080.682065 0.3878735 -0.1255467 0.0881445 -0.7317153 0.0064991 -0.0515336 0.6796273
1654676082.635661 0.3507522 -0.1257127 0.0870056 -0.7320067 0.0012428 -0.0468309 0.6796836
1654676083.135890 0.3016508 -0.1272253 0.0857811 -0.7322211 -0.0052006 -0.0402462 0.6798554
1654676085.733391 0.1108548 -0.1399139 0.0832560 -0.7318743 -0.0312728 -0.0169426 0.6805099
1654676088.331692 0.0856043 -0.1432215 0.0825385 -0.7316195 -0.0351102 -0.0135844 0.6806712
1654676091.180933 0.0843031 -0.2794625 0.1538263 -0.7307213 -0.0348962 -0.0128120 0.6816620
1654676094.131809 0.0935982 -0.4562680 0.2438968 -0.7296539 -0.0343164 -0.0126285 0.6828371
1654676096.980369 0.1000453 -0.6269552 0.3299515 -0.7284037 -0.0345468 -0.0127038 0.6841578
1654676098.231920 0.1024981 -0.7021860 0.3663083 -0.7279454 -0.0351150 -0.0133124 0.6846047
1654676101.131034 0.1018574 -0.7628464 0.3998089 -0.7274522 -0.0372718 -0.0140237 0.6850008
1654676101.381090 0.0999948 -0.7580899 0.4321402 -0.7235065 -0.0367820 -0.0136724 0.6892005
1654676104.230033 0.0810917 -0.6301343 0.8523229 -0.7146648 -0.0350282 -0.0163869 0.6983963
1654676104.530752 0.0801483 -0.6181976 0.8950012 -0.7147436 -0.0354375 -0.0173093 0.6982731
1654676104.831873 0.0777637 -0.6084866 0.9375429 -0.7147396 -0.0350096 -0.0172439 0.6983003
1654676106.281833 0.0694995 -0.5652581 1.1392107 -0.7156572 -0.0347000 -0.0197839 0.6973078
1654676107.430522 0.0617412 -0.5425293 1.2932998 -0.7164654 -0.0336397 -0.0212165 0.6964872
1654676107.580896 0.0616024 -0.5406440 1.3126729 -0.7165695 -0.0335907 -0.0214574 0.6963751
1654676109.831777 0.0510052 -0.5221934 1.6028494 -0.7189122 -0.0319715 -0.0242858 0.6939394
1654676111.331907 0.0453757 -0.5301680 1.7913826 -0.7204739 -0.0305890 -0.0259194 0.6923209
1654676114.232064 0.0393626 -0.5569659 2.0522194 -0.7227795 -0.0285077 -0.0277521 0.6899313
1654676116.831657 0.0738624 -0.5530827 2.0756795 -0.7239703 -0.0222320 -0.0332412 0.6886700
1654676119.778677 0.2756898 -0.5396452 2.0783300 -0.7237250 0.0095074 -0.0631452 0.6871267
1654676120.931571 0.3555979 -0.5383893 2.0800271 -0.7233516 0.0222652 -0.0750516 0.6860263
1654676122.731706 0.4864602 -0.5425509 2.0824614 -0.7220507 0.0428760 -0.0940872 0.6840692
1654676122.931978 0.5029866 -0.5429558 2.0825958 -0.7219012 0.0456060 -0.0963593 0.6837337
1654676124.632059 0.6554583 -0.5577043 2.0854266 -0.7195504 0.0697735 -0.1188553 0.6806252
1654676125.032066 0.6917369 -0.5626622 2.0858517 -0.7189339 0.0756139 -0.1241759 0.6797022
1654676125.431983 0.7289984 -0.5680088 2.0862360 -0.7182165 0.0815681 -0.1296385 0.6787519
1654676125.832326 0.7661386 -0.5742223 2.0873818 -0.7173645 0.0875544 -0.1349485 0.6778715
1654676126.479273 0.8319064 -0.5854337 2.0880685 -0.7158550 0.0980291 -0.1445458 0.6760519
1654676126.879369 0.8780828 -0.5952141 2.0885317 -0.7146941 0.1054750 -0.1514742 0.6746414
1654676127.479636 0.9526501 -0.6139511 2.0899951 -0.7127266 0.1175630 -0.1624353 0.6721700
1654676127.879199 1.0044919 -0.6276820 2.0906699 -0.7112196 0.1259081 -0.1699742 0.6703888
1654676128.379453 1.0665911 -0.6474239 2.0916314 -0.7091603 0.1360890 -0.1794909 0.6680965
1654676128.579628 1.0930893 -0.6551420 2.0916491 -0.7082151 0.1404117 -0.1836932 0.6670619
1654676129.029319 1.1498203 -0.6756517 2.0923929 -0.7061561 0.1499368 -0.1920409 0.6648163
1654676129.230631 1.1739612 -0.6848637 2.0927107 -0.7052581 0.1537268 -0.1959754 0.6637549
1654676129.430928 1.1985866 -0.6952102 2.0932961 -0.7042750 0.1579500 -0.1996698 0.6627054
1654676129.832037 1.2492532 -0.7148612 2.0940204 -0.7022336 0.1663971 -0.2073202 0.6604520
1654676130.882043 1.3764241 -0.7701040 2.0961959 -0.6965068 0.1880106 -0.2271181 0.6541759
1654676131.729484 1.4770560 -0.8174950 2.0973098 -0.6912888 0.2058186 -0.2430752 0.6485920
1654676132.429388 1.5508461 -0.8700135 2.0989320 -0.6865538 0.2204486 -0.2566365 0.6435701
1654676133.232237 1.6442151 -0.9316632 2.0959749 -0.6810740 0.2360257 -0.2713385 0.6378121
1654676133.429474 1.6680892 -0.9457051 2.0954990 -0.6795074 0.2404187 -0.2748618 0.6363313
1654676133.979411 1.7323389 -0.9853472 2.0981405 -0.6754620 0.2515293 -0.2850830 0.6318306
1654676134.380466 1.7755052 -1.0196092 2.0976939 -0.6724390 0.2593004 -0.2922267 0.6286425
1654676134.781934 1.8192122 -1.0556008 2.0965776 -0.6690547 0.2674474 -0.2993918 0.6254605
1654676135.582056 1.8938242 -1.1268842 2.1004126 -0.6625699 0.2830527 -0.3134176 0.6185874
1654676136.429403 1.9769714 -1.2009896 2.0972486 -0.6551718 0.2991570 -0.3285311 0.6109994
1654676136.629431 1.9956218 -1.2198601 2.0978825 -0.6533974 0.3030098 -0.3319039 0.6091756
1654676136.981944 2.0275309 -1.2495188 2.0999362 -0.6504787 0.3094655 -0.3378563 0.6057721
1654676137.582109 2.0829308 -1.3132162 2.0999238 -0.6448296 0.3208899 -0.3478749 0.6001717
1654676137.781348 2.1004887 -1.3341595 2.0987861 -0.6429821 0.3243363 -0.3514072 0.5982404
1654676138.082184 2.1269407 -1.3636816 2.0976112 -0.6400061 0.3298618 -0.3563184 0.5954992
1654676138.229108 2.1393228 -1.3785982 2.0981634 -0.6386399 0.3325808 -0.3587017 0.5940206
1654676138.429262 2.1558423 -1.3965083 2.0984130 -0.6367136 0.3362504 -0.3621864 0.5919049
1654676138.581234 2.1678534 -1.4089822 2.0977118 -0.6350804 0.3391680 -0.3648826 0.5903366
1654676138.729176 2.1770761 -1.4215105 2.0966492 -0.6333413 0.3422717 -0.3675806 0.5887381
1654676139.229045 2.2038927 -1.4724917 2.0963404 -0.6280468 0.3517961 -0.3761312 0.5833703
1654676139.382017 2.2156940 -1.4887643 2.0967393 -0.6265813 0.3541915 -0.3786954 0.5818359
1654676139.529639 2.2316518 -1.5047216 2.0971470 -0.6252238 0.3564737 -0.3811936 0.5802690
1654676139.681943 2.2491183 -1.5216291 2.0975111 -0.6239700 0.3586449 -0.3835186 0.5787469
1654676139.829296 2.2658670 -1.5380636 2.0983069 -0.6225455 0.3612974 -0.3856829 0.5771905
1654676139.982077 2.2797771 -1.5534317 2.0997527 -0.6208785 0.3644458 -0.3878181 0.5755740
1654676140.129355 2.2906432 -1.5686836 2.1000962 -0.6192642 0.3671271 -0.3903411 0.5739010
1654676140.279359 2.3013592 -1.5842752 2.1008379 -0.6176919 0.3698846 -0.3927977 0.5721459
1654676140.582092 2.3233004 -1.6141002 2.1032028 -0.6143278 0.3758954 -0.3973916 0.5686672
1654676140.729307 2.3344917 -1.6292440 2.1031029 -0.6126402 0.3788189 -0.3997246 0.5669101
1654676140.880717 2.3447409 -1.6466110 2.1024969 -0.6109483 0.3811942 -0.4020779 0.5654778
1654676141.381991 2.3744144 -1.7062767 2.1019571 -0.6059700 0.3883573 -0.4112212 0.5593523
1654676141.529339 2.3832324 -1.7236302 2.1021073 -0.6044519 0.3905702 -0.4138418 0.5575181
1654676141.829362 2.4004679 -1.7590055 2.1017723 -0.6010109 0.3953221 -0.4187869 0.5541867
1654676141.981982 2.4088960 -1.7764182 2.1005466 -0.5991936 0.3976175 -0.4213057 0.5526009
1654676142.281505 2.4272981 -1.8142853 2.0987306 -0.5959960 0.4015757 -0.4263999 0.5492793
1654676142.429179 2.4365778 -1.8339843 2.0982606 -0.5940065 0.4042773 -0.4285004 0.5478160
1654676142.582324 2.4446461 -1.8527751 2.0982056 -0.5919793 0.4071865 -0.4309822 0.5459056
1654676142.729180 2.4529881 -1.8702152 2.0981162 -0.5901340 0.4099313 -0.4332517 0.5440495
1654676143.029352 2.4703043 -1.9108001 2.0973008 -0.5872656 0.4138232 -0.4369763 0.5412210
1654676143.181992 2.4788151 -1.9320102 2.0962219 -0.5859743 0.4152897 -0.4390967 0.5397792
1654676143.382156 2.4901342 -1.9608152 2.0952215 -0.5839255 0.4176481 -0.4415667 0.5381626
1654676143.629357 2.5035148 -1.9923270 2.0970345 -0.5811000 0.4221241 -0.4446853 0.5351520
1654676143.982157 2.5182199 -2.0318539 2.0998244 -0.5760316 0.4293062 -0.4488364 0.5314401
1654676144.181708 2.5262008 -2.0534348 2.1011095 -0.5729915 0.4335289 -0.4514052 0.5291176
1654676144.381829 2.5358357 -2.0759718 2.1019330 -0.5702935 0.4372025 -0.4537983 0.5269588
1654676144.829429 2.5561404 -2.1312187 2.1036072 -0.5655743 0.4437200 -0.4602823 0.5209388
1654676144.981942 2.5630043 -2.1512499 2.1035252 -0.5640166 0.4457186 -0.4625444 0.5189136
1654676145.129529 2.5688601 -2.1707618 2.1033640 -0.5624501 0.4477279 -0.4647355 0.5169227
1654676145.282052 2.5744181 -2.1903803 2.1032672 -0.5607023 0.4498374 -0.4665102 0.5153893
1654676145.429516 2.5808430 -2.2093606 2.1034088 -0.5588156 0.4522237 -0.4682066 0.5138090
1654676145.982128 2.6006708 -2.2857280 2.1093729 -0.5530557 0.4602511 -0.4749379 0.5066864
1654676146.129422 2.6060405 -2.3050621 2.1103735 -0.5512456 0.4625607 -0.4769230 0.5046869
1654676146.329209 2.6138587 -2.3316674 2.1115017 -0.5486617 0.4657021 -0.4797775 0.5019004
1654676146.481661 2.6179540 -2.3515062 2.1126044 0.5469884 -0.4678527 0.4818393 -0.4997483
1654676146.829445 2.6285331 -2.3932776 2.1141982 0.5426930 -0.4731588 0.4864880 -0.4949082
1654676146.982206 2.6320236 -2.4118264 2.1133373 0.5406969 -0.4751571 0.4886664 -0.4930288
1654676147.329365 2.6389470 -2.4547830 2.1133785 0.5360759 -0.4803833 0.4932562 -0.4884185
1654676147.482080 2.6423433 -2.4729393 2.1136370 0.5338582 -0.4828620 0.4953859 -0.4862432
1654676147.829453 2.6509657 -2.5179420 2.1147871 0.5287703 -0.4887128 0.4993009 -0.4819337
1654676147.982111 2.6540093 -2.5382943 2.1151326 0.5270411 -0.4907343 0.5010578 -0.4799453
1654676148.581942 2.6650162 -2.6182613 2.1161051 0.5190683 -0.4990769 0.5087736 -0.4718468
1654676149.182153 2.6746614 -2.6970410 2.1195447 0.5106319 -0.5081930 0.5158254 -0.4635932
1654676149.381933 2.6746879 -2.7229636 2.1197453 0.5079080 -0.5108159 0.5184942 -0.4607162
1654676149.582208 2.6757221 -2.7465649 2.1207907 0.5047945 -0.5140143 0.5207485 -0.4580305
1654676150.182810 2.6713362 -2.8216970 2.1193154 0.4957915 -0.5226532 0.5283322 -0.4493202
1654676150.382007 2.6725724 -2.8510988 2.1187212 0.4930110 -0.5252385 0.5307071 -0.4465583
1654676150.782030 2.6736207 -2.9060659 2.1192794 0.4874023 -0.5305666 0.5353312 -0.4408607
1654676151.182002 2.6708195 -2.9596596 2.1231251 0.4817570 -0.5361784 0.5397261 -0.4348778
1654676151.982147 2.6680529 -3.0663822 2.1286194 0.4699619 -0.5473145 0.5491040 -0.4219788
1654676152.182136 2.6668086 -3.0919883 2.1287293 0.4667163 -0.5501361 0.5514472 -0.4188453
1654676152.381924 2.6643100 -3.1184275 2.1290083 0.4638017 -0.5527179 0.5537196 -0.4156733
1654676152.582246 2.6630878 -3.1450248 2.1295204 0.4606403 -0.5554400 0.5558846 -0.4126603
1654676153.181953 2.6584477 -3.2230549 2.1276779 -0.4505875 0.5635974 -0.5628280 0.4031780
1654676153.582305 2.6551764 -3.2753634 2.1279409 -0.4443654 0.5687566 -0.5675006 0.3962280
1654676154.181715 2.6430707 -3.3511486 2.1271284 -0.4342634 0.5765448 -0.5741961 0.3864048
1654676154.429266 2.6369677 -3.3814778 2.1260171 -0.4300714 0.5796347 -0.5768465 0.3825036
1654676154.829443 2.6264672 -3.4321032 2.1260591 -0.4235888 0.5845280 -0.5807931 0.3762680
1654676156.529672 2.5654275 -3.6388693 2.1252275 -0.3944048 0.6049486 -0.5980613 0.3475674
1654676158.929719 2.4463639 -3.9181390 2.1238248 -0.3525260 0.6307434 -0.6193103 0.3071516
1654676160.381908 2.3589473 -4.0774698 2.1218240 -0.3265207 0.6448401 -0.6309481 0.2819026
1654676162.882066 2.1781096 -4.3371916 2.1175239 -0.2803326 0.6667226 -0.6483762 0.2377012
1654676165.482157 1.9559524 -4.5742292 2.1131020 -0.2314217 0.6858876 -0.6630041 0.1908589
1654676168.029311 1.7953801 -4.7062969 2.1114631 -0.1985780 0.6968234 -0.6699169 0.1619073
1654676168.529550 1.8026986 -4.7010655 2.1105821 -0.2004009 0.6960680 -0.6703658 0.1610504
1654676170.129679 1.9160564 -4.6098542 2.1127768 -0.2228864 0.6888871 -0.6649774 0.1831940
1654676172.782402 2.0157838 -4.5145249 2.1150575 -0.2443747 0.6811346 -0.6595877 0.2031737
1654676175.728918 2.0090494 -4.5101194 2.1504667 -0.2432582 0.6807816 -0.6605029 0.2027213
1654676178.681973 1.9974669 -4.4980831 2.2500029 -0.2429857 0.6824354 -0.6593040 0.2013867
1654676179.729564 2.0016670 -4.4955735 2.2508965 -0.2433085 0.6828608 -0.6583040 0.2028216
1654676181.129062 2.0804198 -4.4118390 2.2521658 -0.2614939 0.6758672 -0.6535230 0.2184754
1654676183.129702 2.1849294 -4.2849255 2.2552176 -0.2860894 0.6652585 -0.6455650 0.2425468
1654676183.681786 2.2130504 -4.2478886 2.2548792 -0.2931327 0.6621117 -0.6430632 0.2492991
1654676184.181994 2.2380536 -4.2141948 2.2557094 -0.2995653 0.6592005 -0.6408205 0.2550751
1654676185.182071 2.2867501 -4.1428785 2.2565353 -0.3122455 0.6532484 -0.6358277 0.2673794
1654676185.682216 2.3133461 -4.1033897 2.2570632 -0.3191746 0.6497362 -0.6331552 0.2740138
1654676186.229338 2.3409240 -4.0538816 2.2581041 -0.3274323 0.6455349 -0.6297326 0.2819735
1654676186.729692 2.3654847 -4.0088935 2.2594366 -0.3348341 0.6416141 -0.6266676 0.2889714
1654676187.282126 2.3938742 -3.9596164 2.2590806 -0.3430475 0.6371850 -0.6230057 0.2969462
1654676187.829273 2.4230065 -3.9050236 2.2594211 -0.3520590 0.6321959 -0.6188491 0.3056270
1654676188.329616 2.4512138 -3.8503280 2.2591815 -0.3606544 0.6271953 -0.6148159 0.3139351
1654676188.929596 2.4892051 -3.7752123 2.2581174 -0.3727673 0.6198616 -0.6089398 0.3255885
1654676189.282449 2.5084913 -3.7275281 2.2580059 -0.3801229 0.6153128 -0.6051512 0.3326983
1654676189.682711 2.5321410 -3.6710782 2.2560291 -0.3884032 0.6098306 -0.6006801 0.3412214
1654676190.029632 2.5516143 -3.6191924 2.2550325 -0.3959572 0.6047621 -0.5966198 0.3486037
1654676190.382325 2.5661769 -3.5684681 2.2554564 -0.4034107 0.5997545 -0.5923170 0.3559695
1654676190.829067 2.5852294 -3.4984760 2.2563546 -0.4131676 0.5929712 -0.5867063 0.3653114
1654676191.129588 2.5990801 -3.4547100 2.2559187 -0.4196341 0.5884004 -0.5827608 0.3715936
1654676191.482487 2.6096568 -3.4026253 2.2543561 -0.4262734 0.5832598 -0.5782804 0.3790647
1654676191.782414 2.6172290 -3.3550158 2.2541406 -0.4327952 0.5784270 -0.5742357 0.3851790
1654676192.079581 2.6212223 -3.3031552 2.2538779 -0.4393950 0.5732766 -0.5705305 0.3908719
1654676192.429518 2.6257010 -3.2434273 2.2495339 -0.4463688 0.5673009 -0.5665851 0.3973731
1654676192.729536 2.6312461 -3.1925426 2.2477198 0.4523328 -0.5623345 0.5626417 -0.4032480
1654676193.029829 2.6368701 -3.1424565 2.2469704 0.4580443 -0.5575219 0.5582942 -0.4094778
1654676193.482559 2.6438289 -3.0649807 2.2416661 0.4651230 -0.5504869 0.5517255 -0.4197895
1654676193.782440 2.6485906 -3.0160947 2.2446673 0.4724049 -0.5447182 0.5470799 -0.4252281
1654676194.129345 2.6502521 -2.9583082 2.2420030 0.4801464 -0.5376366 0.5422124 -0.4317537
1654676194.529796 2.6487088 -2.8909397 2.2449698 0.4878099 -0.5309281 0.5356964 -0.4395291
1654676194.882252 2.6496668 -2.8304296 2.2481241 0.4945700 -0.5249729 0.5295413 -0.4465309
1654676195.183096 2.6514730 -2.7819338 2.2488854 0.5007852 -0.5191084 0.5249382 -0.4518625
1654676195.482660 2.6510546 -2.7327220 2.2477498 0.5062803 -0.5137013 0.5200512 -0.4575345
1654676195.782403 2.6486700 -2.6790631 2.2495739 0.5115530 -0.5086927 0.5147969 -0.4631729
1654676196.081546 2.6484337 -2.6273165 2.2538874 0.5172290 -0.5034393 0.5094217 -0.4685214
1654676196.582108 2.6424773 -2.5509422 2.2565250 0.5266302 -0.4941670 0.5004260 -0.4775286
1654676196.882247 2.6280642 -2.4989924 2.2570410 0.5324168 -0.4880203 0.4955526 -0.4824884
1654676197.182154 2.6163454 -2.4508176 2.2574036 0.5380182 -0.4817058 0.4908603 -0.4873931
1654676197.482567 2.6059208 -2.4055352 2.2567854 0.5432954 -0.4753308 0.4860088 -0.4926318
1654676197.881096 2.5924528 -2.3415060 2.2590029 0.5507747 -0.4672349 0.4785875 -0.4992920
1654676198.182483 2.5790696 -2.2943530 2.2611597 -0.5560554 0.4615686 -0.4732556 0.5037708
1654676198.429654 2.5665574 -2.2552912 2.2609341 -0.5607083 0.4559626 -0.4688910 0.5077838
1654676198.729727 2.5517995 -2.2021692 2.2574592 -0.5654064 0.4494404 -0.4639749 0.5128794
1654676199.029627 2.5325723 -2.1506705 2.2550740 -0.5697707 0.4435816 -0.4587517 0.5178249
1654676199.482190 2.5060673 -2.0740023 2.2554924 -0.5754422 0.4364793 -0.4508818 0.5244588
1654676199.729352 2.4907064 -2.0341988 2.2569997 -0.5798212 0.4309566 -0.4462765 0.5281290
1654676200.029637 2.4722536 -1.9862723 2.2578208 -0.5849022 0.4242076 -0.4418865 0.5316697
1654676200.329774 2.4541681 -1.9430122 2.2489874 -0.5886772 0.4160452 -0.4381264 0.5370376
1654676200.629701 2.4326386 -1.8966672 2.2446961 -0.5924693 0.4095937 -0.4332084 0.5417954
1654676200.882479 2.4149892 -1.8591336 2.2431653 -0.5960684 0.4042693 -0.4281681 0.5458388
1654676201.129637 2.3956149 -1.8216915 2.2387071 -0.5991415 0.3986132 -0.4241874 0.5497280
1654676201.429672 2.3741570 -1.7790692 2.2352064 -0.6032297 0.3920614 -0.4187436 0.5541252
1654676201.682678 2.3538022 -1.7440858 2.2329621 -0.6068646 0.3860556 -0.4141135 0.5578395
1654676201.929818 2.3332582 -1.7083284 2.2335744 -0.6105639 0.3806216 -0.4087289 0.5614962
1654676202.182510 2.3093805 -1.6738406 2.2351458 -0.6138330 0.3757476 -0.4033526 0.5650917
1654676202.429679 2.2852676 -1.6401823 2.2358296 -0.6171241 0.3706100 -0.3979950 0.5686871
1654676202.682507 2.2630670 -1.6050551 2.2363863 -0.6205263 0.3652461 -0.3931206 0.5718367
1654676202.929723 2.2397647 -1.5684674 2.2380896 -0.6238672 0.3603801 -0.3877833 0.5749254
1654676203.182418 2.2203841 -1.5305970 2.2396636 -0.6264533 0.3563881 -0.3812904 0.5789303
1654676203.481593 2.1950397 -1.4885700 2.2409363 -0.6298123 0.3507809 -0.3743628 0.5832153
1654676203.729578 2.1751432 -1.4569633 2.2420204 -0.6335835 0.3446901 -0.3685751 0.5864394
1654676203.929497 2.1551771 -1.4329333 2.2412524 -0.6360333 0.3400517 -0.3642074 0.5892184
1654676204.182116 2.1307373 -1.4056536 2.2390954 -0.6391295 0.3338909 -0.3588885 0.5926445
1654676204.429650 2.1019902 -1.3788295 2.2371826 -0.6422570 0.3274910 -0.3535559 0.5960305
1654676204.729911 2.0603032 -1.3424569 2.2362528 -0.6456100 0.3205955 -0.3471832 0.5998901
1654676204.982624 2.0292859 -1.3067086 2.2387378 -0.6485654 0.3151604 -0.3415720 0.6027966
1654676205.182532 2.0053563 -1.2788172 2.2400532 -0.6510367 0.3104074 -0.3371796 0.6050682
1654676205.429669 1.9741120 -1.2506115 2.2390399 -0.6540022 0.3040310 -0.3316859 0.6081363
1654676205.683046 1.9449117 -1.2270889 2.2351851 -0.6567506 0.2976404 -0.3265721 0.6110957
1654676205.929734 1.9179765 -1.2017041 2.2303064 -0.6593221 0.2914070 -0.3214943 0.6140165
1654676206.129745 1.8946749 -1.1831113 2.2276809 -0.6614212 0.2862352 -0.3171954 0.6164225
1654676206.382490 1.8622857 -1.1595402 2.2259824 -0.6640525 0.2800434 -0.3115799 0.6192951
1654676206.882456 1.7958915 -1.0977616 2.2253342 -0.6691957 0.2681924 -0.3003902 0.6245109
1654676207.329584 1.7318857 -1.0286689 2.2304666 -0.6737095 0.2576523 -0.2903160 0.6288456
1654676207.782932 1.6765677 -0.9838558 2.2313392 -0.6779865 0.2469921 -0.2801240 0.6331338
1654676208.229156 1.6108675 -0.9478891 2.2348335 -0.6822579 0.2355127 -0.2697605 0.6374052
1654676208.482311 1.5766406 -0.9289654 2.2322578 -0.6846678 0.2282835 -0.2639413 0.6398827
1654676208.729675 1.5491978 -0.9078776 2.2303214 -0.6866608 0.2223738 -0.2579887 0.6422513
1654676208.982270 1.5202113 -0.8840194 2.2304583 -0.6886650 0.2163303 -0.2524604 0.6443632
1654676209.929805 1.3770499 -0.8031532 2.2353115 -0.6963370 0.1920649 -0.2303780 0.6520357
1654676210.182724 1.3407005 -0.7883481 2.2348273 -0.6980526 0.1860269 -0.2247116 0.6539266
1654676210.831491 1.2433889 -0.7432416 2.2333491 -0.7026318 0.1691033 -0.2094556 0.6586652
1654676211.232272 1.1834444 -0.7199230 2.2321775 -0.7050513 0.1590150 -0.2003056 0.6614329
1654676212.182201 1.0386683 -0.6655749 2.2295883 -0.7103931 0.1348556 -0.1780118 0.6674326
1654676212.431539 0.9982170 -0.6534611 2.2287118 -0.7116150 0.1282880 -0.1719119 0.6690223
1654676212.782579 0.9433116 -0.6382747 2.2283020 -0.7133976 0.1192228 -0.1634274 0.6709242
1654676213.081975 0.8976326 -0.6274362 2.2274430 -0.7146211 0.1118284 -0.1568788 0.6724575
1654676213.432303 0.8413165 -0.6153313 2.2272272 -0.7162897 0.1025898 -0.1479405 0.6741790
1654676213.682501 0.7993161 -0.6067043 2.2262220 -0.7172126 0.0957793 -0.1419517 0.6754857
1654676213.932325 0.7615364 -0.5999618 2.2256422 -0.7180502 0.0896591 -0.1363239 0.6765945
1654676214.432324 0.6808388 -0.5880194 2.2248626 -0.7198379 0.0764438 -0.1245647 0.6785804
1654676214.832493 0.6152744 -0.5789496 2.2230539 -0.7210734 0.0658696 -0.1148402 0.6800917
1654676215.332560 0.5363682 -0.5720766 2.2220032 -0.7222886 0.0532177 -0.1031939 0.6817744
1654676215.732586 0.4683716 -0.5671988 2.2204113 -0.7232070 0.0420936 -0.0932477 0.6830100
1654676217.432604 0.2268593 -0.5653685 2.2143786 -0.7250462 0.0029178 -0.0573062 0.6863041
1654676220.332652 0.0077644 -0.5934317 2.2097406 -0.7248853 -0.0331169 -0.0247786 0.6876255
1654676220.882039 0.0188819 -0.5922002 2.2108762 -0.7251424 -0.0296326 -0.0259289 0.6874709
1654676221.631644 0.0123755 -0.5943859 2.2092838 -0.7247846 -0.0313733 -0.0253617 0.6877926
1654676222.181101 0.0135932 -0.5881224 2.1981480 -0.7254136 -0.0309419 -0.0232658 0.6872229
1654676223.281553 0.0112001 -0.5629527 2.0874741 -0.7263814 -0.0322902 -0.0246921 0.6860879
1654676223.881737 0.0158885 -0.5483376 2.0221372 -0.7262533 -0.0324283 -0.0242789 0.6862318
1654676224.631798 0.0153209 -0.5405124 1.9422648 -0.7250381 -0.0327159 -0.0231798 0.6875399
1654676224.931960 0.0108614 -0.5378977 1.9050984 -0.7254609 -0.0332841 -0.0233645 0.6870603
1654676225.480612 0.0167670 -0.5307668 1.8440093 -0.7247607 -0.0337639 -0.0229495 0.6877890
1654676226.231610 0.0178496 -0.5226204 1.7565007 -0.7241880 -0.0347890 -0.0224302 0.6883582
1654676226.832626 0.0182912 -0.5222997 1.6837345 -0.7232776 -0.0363680 -0.0227074 0.6892242
1654676227.882464 0.0235682 -0.5197897 1.5597712 -0.7222866 -0.0364479 -0.0205849 0.6903250
1654676228.182251 0.0257129 -0.5175165 1.5220089 -0.7220072 -0.0368313 -0.0202168 0.6906077
1654676228.932548 0.0294963 -0.5219992 1.4292952 -0.7209569 -0.0381626 -0.0199399 0.6916401
1654676229.232332 0.0304547 -0.5244551 1.3896577 -0.7207249 -0.0389023 -0.0202648 0.6918317
1654676229.482288 0.0323632 -0.5298934 1.3601294 -0.7204725 -0.0388070 -0.0194716 0.6921225
1654676230.132598 0.0345326 -0.5368623 1.2785940 -0.7202843 -0.0384599 -0.0182550 0.6923705
1654676230.431487 0.0355855 -0.5396661 1.2392561 -0.7202861 -0.0388368 -0.0181486 0.6923505
1654676230.982120 0.0396094 -0.5510790 1.1680523 -0.7203145 -0.0388088 -0.0170833 0.6923499
1654676231.231016 0.0407797 -0.5548161 1.1353782 -0.7203929 -0.0387135 -0.0168040 0.6922802
1654676231.632921 0.0434575 -0.5661306 1.0825883 -0.7208089 -0.0387723 -0.0162246 0.6918575
1654676232.182739 0.0472366 -0.5801324 1.0060382 -0.7207212 -0.0392084 -0.0156822 0.6919368
1654676232.482681 0.0489955 -0.5907845 0.9647703 -0.7206442 -0.0391399 -0.0149441 0.6920367
1654676232.782466 0.0515669 -0.6006579 0.9224315 -0.7207744 -0.0390670 -0.0143940 0.6919171
1654676233.532120 0.0571263 -0.6272630 0.8150249 -0.7211312 -0.0394615 -0.0131832 0.6915473
1654676234.031886 0.0608021 -0.6476611 0.7419913 -0.7217337 -0.0400179 -0.0127125 0.6908948
1654676235.632682 0.0664334 -0.6809254 0.6361219 -0.7222570 -0.0396909 -0.0114359 0.6903891
1654676236.182724 0.0678452 -0.6883281 0.6131003 -0.7226306 -0.0398423 -0.0112199 0.6899930
1654676238.380230 0.0720326 -0.7139071 0.5389555 -0.7238265 -0.0401149 -0.0105904 0.6887325
1654676241.282119 0.0769736 -0.7483185 0.4441089 -0.7258265 -0.0401530 -0.0100147 0.6866310
1654676243.929855 0.0792493 -0.7658061 0.3971313 -0.7272345 -0.0396648 -0.0091761 0.6851796
1654676244.480159 0.0798520 -0.7664720 0.3971084 -0.7271537 -0.0396248 -0.0087337 0.6852734
1654676245.180302 0.0785135 -0.7321680 0.3787277 -0.7275546 -0.0401703 -0.0094217 0.6848068
1654676248.129747 0.0688788 -0.4836983 0.2566030 -0.7292249 -0.0383814 -0.0087364 0.6831400
1654676250.982730 0.0559683 -0.2373145 0.1286765 -0.7312874 -0.0394694 -0.0094713 0.6808594
1654676252.729875 0.0465635 -0.0875473 0.0505496 -0.7321990 -0.0404363 -0.0094245 0.6798231
1654676253.029851 0.0466842 -0.0614913 0.0375845 -0.7323642 -0.0399267 -0.0094660 0.6796746
1654676253.429908 0.0439865 -0.0282348 0.0191287 -0.7326605 -0.0400604 -0.0095743 0.6793460
1654676253.782777 0.0445178 0.0025230 0.0043016 -0.7329986 -0.0391194 -0.0089242 0.6790446
1654676254.129870 0.0453901 0.0314384 -0.0115430 -0.7333754 -0.0384784 -0.0096727 0.6786646
1654676254.481233 0.0425542 0.0564998 -0.0250636 -0.7335828 -0.0389421 -0.0095869 0.6784154
1654676254.830012 0.0381446 0.0784046 -0.0380386 -0.7337614 -0.0403135 -0.0096992 0.6781403
1654676255.229334 0.0390861 0.0959841 -0.0476579 -0.7339935 -0.0402459 -0.0100090 0.6778885
1654676255.682805 0.0389594 0.0979646 -0.0487224 -0.7337960 -0.0403033 -0.0098572 0.6781012
1654676256.229891 0.0385199 0.0980092 -0.0487642 -0.7337973 -0.0404523 -0.0094746 0.6780964
1654676256.782737 0.0388475 0.0983198 -0.0487418 -0.7338214 -0.0401730 -0.0099153 0.6780807
1654676257.329794 0.0386985 0.0981652 -0.0487531 -0.7338167 -0.0402125 -0.0095371 0.6780889
1654676257.682733 0.0388500 0.0980613 -0.0486953 -0.7337309 -0.0400431 -0.0101137 0.6781835
1654676258.129608 0.0382058 0.0981510 -0.0488615 -0.7337378 -0.0405191 -0.0095187 0.6781564
1654676258.629833 0.0390827 0.0984217 -0.0487480 -0.7337915 -0.0401565 -0.0097982 0.6781159
1654676259.130128 0.0384051 0.0983501 -0.0486198 -0.7337946 -0.0403339 -0.0096192 0.6781045
1654676259.681090 0.0394612 0.0983713 -0.0487074 -0.7338616 -0.0398663 -0.0098956 0.6780558
1654676260.182337 0.0385388 0.0980965 -0.0487529 -0.7337847 -0.0402921 -0.0096514 0.6781174
1654676260.529834 0.0399417 0.0979878 -0.0487514 -0.7337854 -0.0399345 -0.0100193 0.6781326
1654676261.082024 0.0384273 0.0980321 -0.0487996 -0.7337396 -0.0405270 -0.0095200 0.6781541
1654676261.629271 0.0392869 0.0982753 -0.0487338 -0.7338046 -0.0399862 -0.0099531 0.6781096
1654676262.129980 0.0385834 0.0985067 -0.0487706 -0.7337978 -0.0403770 -0.0095659 0.6780995
