1654677054.680038 -0.0059819 -0.0743649 -0.0029290 -0.7304204 -0.0513255 0.0026835 0.6810613
1654677055.580009 0.0512947 -0.0652805 -0.0022560 -0.7307963 -0.0455718 -0.0025758 0.6810676
1654677058.179448 0.2928632 -0.0387943 0.0009553 -0.7315987 -0.0219761 -0.0237934 0.6809634
1654677059.080781 0.3809341 -0.0326677 0.0030237 -0.7315406 -0.0132316 -0.0319712 0.6809176
1654677059.580044 0.4139391 -0.0306268 0.0026662 -0.7318501 -0.0104675 -0.0359219 0.6804354
1654677061.580085 0.3841971 -0.0323578 0.0025800 -0.7317034 -0.0126171 -0.0321445 0.6807462
1654677062.580070 0.2598395 -0.0412593 0.0003729 -0.7315510 -0.0249605 -0.0209895 0.6810034
1654677065.379920 -0.0583550 -0.0843139 -0.0047405 -0.7303062 -0.0564083 0.0083799 0.6807325
1654677068.130102 -0.0491464 -0.1012908 0.0058067 -0.7299160 -0.0559664 0.0071358 0.6812013
1654677070.930009 -0.0252969 -0.2540433 0.0867214 -0.7293276 -0.0541920 0.0064934 0.6819820
1654677073.883172 0.0038345 -0.3362415 0.1327790 -0.7289626 -0.0513005 0.0048697 0.6826093
1654677076.433075 0.2504847 -0.3013921 0.1348377 -0.7301234 -0.0257331 -0.0192053 0.6825587
1654677077.433059 0.3464969 -0.2951572 0.1364878 -0.7301268 -0.0157786 -0.0284000 0.6825380
1654677077.683041 0.3717845 -0.2934859 0.1361497 -0.7302942 -0.0130989 -0.0313652 0.6822843
1654677080.632189 0.2227406 -0.3044409 0.1346014 -0.7299868 -0.0286299 -0.0168509 0.6826513
1654677082.982894 -0.0119969 -0.3395835 0.1288648 -0.7290876 -0.0536944 0.0053730 0.6822878
1654677085.831035 -0.0113703 -0.4091340 0.1662910 -0.7284752 -0.0541089 0.0066962 0.6828979
1654677088.482733 0.0198126 -0.6457055 0.2881422 -0.7273313 -0.0526764 0.0058724 0.6842354
1654677090.330817 0.0327556 -0.8170925 0.3717027 -0.7264684 -0.0533533 0.0059963 0.6850986
1654677091.932771 0.0420279 -0.9702120 0.4459887 -0.7258875 -0.0542169 0.0063196 0.6856433
1654677093.880975 0.0537023 -1.0750525 0.4990655 -0.7252289 -0.0535223 0.0064131 0.6863935
1654677096.332051 0.0332163 -0.9905592 0.8049999 -0.7137158 -0.0532575 0.0059532 0.6983812
1654677099.082966 0.0065390 -0.8670012 1.2403371 -0.7128115 -0.0525964 0.0022222 0.6993765
1654677100.233047 -0.0031355 -0.8317927 1.4150103 -0.7131194 -0.0521936 0.0009952 0.6990950
1654677100.582654 -0.0062345 -0.8209056 1.4674860 -0.7133083 -0.0519538 0.0006115 0.6989205
1654677101.082379 -0.0099297 -0.8079711 1.5416619 -0.7135929 -0.0518100 -0.0002235 0.6986415
1654677103.579993 -0.0253901 -0.7674656 1.9422760 -0.7157682 -0.0504647 -0.0032556 0.6965035
1654677104.932948 -0.0315917 -0.7611858 2.1774652 -0.7171385 -0.0495445 -0.0048875 0.6951490
1654677105.332863 -0.0323737 -0.7610503 2.2465158 -0.7176242 -0.0492755 -0.0054402 0.6946621
1654677105.533241 -0.0337807 -0.7614527 2.2812581 -0.7179706 -0.0489316 -0.0052925 0.6943297
1654677105.679814 -0.0338397 -0.7632072 2.3070602 -0.7180482 -0.0488085 -0.0054465 0.6942569
1654677106.132864 -0.0355336 -0.7674023 2.3847127 -0.7187065 -0.0484296 -0.0061831 0.6935962
1654677107.032409 -0.0389502 -0.7807400 2.5348668 -0.7195936 -0.0476061 -0.0069670 0.6927254
1654677107.880055 -0.0422124 -0.7982763 2.6746647 -0.7205276 -0.0468420 -0.0082243 0.6917926
1654677108.233069 -0.0429477 -0.8083144 2.7328219 -0.7208222 -0.0464350 -0.0082447 0.6915131
1654677108.779979 -0.0435887 -0.8218404 2.8220973 -0.7213913 -0.0458794 -0.0088493 0.6909485
1654677111.480168 -0.0413250 -0.9266593 3.2469230 -0.7237646 -0.0435942 -0.0114162 0.6885726
1654677113.633422 -0.0375891 -1.0390515 3.5590301 -0.7252138 -0.0414157 -0.0131674 0.6871495
1654677116.432999 -0.0259065 -1.1818417 3.8540831 -0.7263796 -0.0393309 -0.0141670 0.6860198
1654677119.179957 -0.0231063 -1.2195315 3.9262705 -0.7272980 -0.0386435 -0.0141209 0.6850854
1654677121.879218 0.1604205 -1.1867436 3.9293752 -0.7280438 -0.0124966 -0.0385128 0.6843321
1654677124.830327 0.5602969 -1.1654500 3.9364171 -0.7259921 0.0432751 -0.0888552 0.6805633
1654677127.679249 0.7780702 -1.1770368 3.9394505 -0.7232091 0.0739065 -0.1165012 0.6767063
1654677130.332240 0.8045660 -1.1669300 3.9197001 -0.7239988 0.0768490 -0.1181881 0.6752403
1654677132.832943 0.8327094 -1.0371650 3.6660881 -0.7242617 0.0748305 -0.1175885 0.6752898
1654677135.279905 0.8624671 -0.9132848 3.3641453 -0.7237860 0.0723241 -0.1168487 0.6762004
1654677136.379799 0.8747392 -0.8646722 3.2117448 -0.7233185 0.0712226 -0.1166832 0.6768459
1654677139.079702 0.8950824 -0.7929123 2.9206336 -0.7217362 0.0689775 -0.1154151 0.6789822
1654677141.332159 0.9090427 -0.7535509 2.6904013 -0.7205864 0.0673137 -0.1143316 0.6805522
1654677143.581342 0.9215298 -0.7255732 2.4149349 -0.7190632 0.0658046 -0.1126526 0.6825876
1654677145.382776 0.9291525 -0.7159237 2.1803510 -0.7179030 0.0641705 -0.1113288 0.6841799
1654677146.282935 0.9321170 -0.7161536 2.0871766 -0.7172762 0.0636360 -0.1109337 0.6849504
1654677148.382943 0.9364648 -0.7329539 1.7707826 -0.7165310 0.0622534 -0.1089957 0.6861680
1654677150.181213 0.9367715 -0.7711626 1.4771283 -0.7164552 0.0612738 -0.1067141 0.6866932
1654677152.679888 0.9329486 -0.8197503 1.2470771 -0.7160611 0.0606103 -0.1050729 0.6874160
1654677155.479471 0.8199381 -0.8279408 1.1716143 -0.7169702 0.0465383 -0.0916821 0.6894788
1654677158.379445 0.3216897 -0.8267257 1.1640302 -0.7189932 -0.0144520 -0.0344658 0.6940104
1654677159.130627 0.1854705 -0.8397887 1.1594999 -0.7190386 -0.0314010 -0.0189071 0.6940018
1654677161.429807 -0.1514296 -0.9057176 1.1508559 -0.7168551 -0.0734335 0.0207228 0.6930336
1654677163.429641 -0.3842390 -0.9757399 1.1486624 -0.7136087 -0.1023631 0.0488034 0.6913041
1654677163.682469 -0.4163868 -0.9868997 1.1463890 -0.7133273 -0.1065210 0.0527458 0.6906767
1654677164.132977 -0.4629085 -1.0013785 1.1457267 -0.7123418 -0.1128971 0.0583956 0.6902260
1654677165.082431 -0.5684136 -1.0454178 1.1446295 -0.7101932 -0.1267429 0.0714423 0.6888076
1654677165.932598 -0.5605918 -1.0409428 1.1425165 -0.7105436 -0.1257883 0.0699763 0.6887722
1654677166.779399 -0.5698575 -1.0188071 1.3039445 -0.7059434 -0.1254019 0.0689103 0.6936634
1654677167.179747 -0.5824593 -1.0088807 1.4211739 -0.7041876 -0.1242443 0.0710393 0.6954393
1654677167.379744 -0.5862945 -0.9969811 1.4564859 -0.7059082 -0.1247746 0.0688514 0.6938177
1654677167.579814 -0.5852582 -0.9908488 1.5162566 -0.7052384 -0.1236433 0.0684322 0.6947424
1654677167.779792 -0.5875932 -0.9833385 1.5716136 -0.7049824 -0.1230891 0.0687419 0.6950698
1654677168.082646 -0.6018552 -0.9732682 1.6372557 -0.7064477 -0.1250099 0.0669923 0.6934078
1654677168.779755 -0.6094526 -0.9530324 1.8158784 -0.7072339 -0.1237681 0.0660225 0.6929222
1654677169.482864 -0.6168994 -0.9428957 1.9940099 -0.7081870 -0.1226078 0.0648640 0.6922643
1654677169.779561 -0.6227657 -0.9416841 2.0666606 -0.7086067 -0.1230118 0.0641419 0.6918300
1654677170.179745 -0.6228369 -0.9423707 2.1657786 -0.7091290 -0.1220445 0.0635490 0.6915212
1654677170.629962 -0.6271233 -0.9400975 2.2706726 -0.7101656 -0.1225703 0.0622286 0.6904835
1654677170.829996 -0.6255972 -0.9427789 2.3217239 -0.7102458 -0.1218070 0.0623148 0.6905283
1654677171.029792 -0.6269127 -0.9456230 2.3679240 -0.7106580 -0.1219594 0.0616719 0.6901351
1654677171.379647 -0.6292214 -0.9521170 2.4526052 -0.7112466 -0.1215494 0.0611353 0.6896487
1654677171.579308 -0.6270137 -0.9570805 2.5014591 -0.7115756 -0.1210547 0.0609984 0.6894084
1654677171.932182 -0.6283293 -0.9659991 2.5858622 -0.7123366 -0.1212226 0.0598583 0.6886925
1654677172.379539 -0.6275039 -0.9806393 2.6933196 -0.7131119 -0.1204419 0.0592273 0.6880815
1654677173.132515 -0.6241718 -1.0149635 2.8729315 -0.7143927 -0.1194175 0.0578462 0.6870478
1654677173.332866 -0.6207325 -1.0229775 2.9199681 -0.7146159 -0.1193540 0.0578363 0.6868280
1654677174.282641 -0.6088992 -1.0772332 3.1466587 -0.7158763 -0.1179793 0.0566315 0.6858523
1654677175.083143 -0.5959383 -1.1393960 3.3447244 -0.7170782 -0.1165384 0.0557461 0.6849150
1654677175.682827 -0.5805486 -1.1932117 3.4897411 -0.7178004 -0.1155732 0.0549347 0.6843877
1654677176.229049 -0.5665852 -1.2431324 3.6191759 -0.7183839 -0.1146716 0.0543535 0.6839731
1654677177.629837 -0.5485345 -1.3053747 3.7819271 -0.7216509 -0.1135574 0.0521323 0.6808861
1654677177.882678 -0.5604383 -1.3276737 3.7950716 -0.7193310 -0.1153092 0.0597148 0.6824217
1654677178.882961 -0.6190580 -1.3331949 3.7815883 -0.7204078 -0.1229889 0.0627357 0.6796687
1654677179.932489 -0.5522323 -1.3237388 3.7942538 -0.7201738 -0.1143783 0.0559511 0.6820089
1654677180.482756 -0.5045118 -1.3004801 3.7931120 -0.7209815 -0.1076289 0.0481104 0.6828510
1654677181.063224 -0.3939469 -1.2560430 3.7938864 -0.7231601 -0.0918896 0.0343577 0.6836770
1654677181.579719 -0.2997876 -1.2207648 3.7925050 -0.7249612 -0.0781299 0.0203949 0.6840389
1654677184.530009 0.2987247 -1.1061434 3.8066170 -0.7276406 0.0052573 -0.0554314 0.6836936
1654677187.379441 0.7856025 -1.1087109 3.8144715 -0.7231094 0.0712068 -0.1146045 0.6774264
1654677189.879985 0.8416424 -1.0321059 3.6586392 -0.7247120 0.0748512 -0.1184689 0.6746510
1654677191.481637 0.8663685 -0.9314044 3.4108827 -0.7234597 0.0731357 -0.1170020 0.6764365
1654677192.532016 0.8794581 -0.8745258 3.2473950 -0.7233929 0.0718990 -0.1177197 0.6765167
1654677193.080535 0.8865949 -0.8500707 3.1622324 -0.7229893 0.0714192 -0.1170914 0.6771070
1654677194.131998 0.8980558 -0.8110555 3.0031970 -0.7219575 0.0702000 -0.1163461 0.6784621
1654677194.682341 0.9028462 -0.7945207 2.9234509 -0.7215203 0.0696650 -0.1160284 0.6790370
1654677196.829564 0.9155401 -0.7566404 2.7028124 -0.7204999 0.0679746 -0.1151935 0.6804330
1654677197.332525 0.9178216 -0.7524244 2.6701667 -0.7200407 0.0677720 -0.1147991 0.6810053
1654677197.682580 0.9200282 -0.7505831 2.6365907 -0.7193933 0.0678786 -0.1140645 0.6818018
1654677198.029688 0.9244328 -0.7331432 2.5462840 -0.7207515 0.0669796 -0.1149767 0.6803013
1654677198.532233 0.9302182 -0.7264789 2.4238577 -0.7189462 0.0666616 -0.1130610 0.6825603
1654677198.882638 0.9337841 -0.7179495 2.3281474 -0.7191951 0.0660825 -0.1130327 0.6823590
1654677199.282609 0.9361873 -0.7139583 2.2183928 -0.7188612 0.0651043 -0.1128283 0.6828388
1654677199.829718 0.9404005 -0.7156744 2.0683565 -0.7177746 0.0643184 -0.1119869 0.6841934
1654677200.132637 0.9414593 -0.7200922 1.9853141 -0.7171454 0.0641248 -0.1110020 0.6850309
1654677200.779601 0.9443688 -0.7324843 1.8023798 -0.7161313 0.0631849 -0.1096839 0.6863897
1654677201.379634 0.9438743 -0.7530030 1.6320497 -0.7154936 0.0624465 -0.1087613 0.6872687
1654677201.979679 0.9432173 -0.7770896 1.4728792 -0.7152321 0.0618966 -0.1074781 0.6877928
1654677204.629497 0.9368877 -0.8540376 1.1404183 -0.7144020 0.0614493 -0.1040684 0.6892185
1654677205.682649 0.9366373 -0.8534781 1.1380337 -0.7144867 0.0613763 -0.1047461 0.6890345
1654677206.179616 0.9099807 -0.8484753 1.1341897 -0.7153249 0.0575056 -0.1020004 0.6889110
1654677206.429442 0.8837802 -0.8450004 1.1337589 -0.7156942 0.0542817 -0.0988080 0.6892541
1654677207.082450 0.8173586 -0.8369811 1.1282798 -0.7170374 0.0460650 -0.0919912 0.6894001
1654677207.931515 0.6861245 -0.8310066 1.1326438 -0.7171599 0.0302867 -0.0753622 0.6921584
1654677208.779577 0.5378200 -0.8311926 1.1228892 -0.7186801 0.0112023 -0.0591062 0.6927325
1654677209.682133 0.3839400 -0.8365000 1.1261592 -0.7182107 -0.0066587 -0.0405778 0.6946087
1654677210.480642 0.2439813 -0.8442551 1.1181316 -0.7189641 -0.0247403 -0.0256081 0.6941340
1654677210.829448 0.1847381 -0.8530322 1.1224991 -0.7181947 -0.0317199 -0.0175675 0.6948958
1654677211.282540 0.1088178 -0.8633578 1.1202127 -0.7179459 -0.0411587 -0.0088062 0.6948242
1654677212.682467 0.0192276 -0.8779318 1.1149849 -0.7175945 -0.0529778 0.0009390 0.6944413
1654677213.229611 0.0238980 -0.8779376 1.1072489 -0.7182013 -0.0507566 0.0019925 0.6939775
1654677214.332637 0.0307514 -0.9231546 0.9446750 -0.7193205 -0.0522056 0.0029602 0.6927065
1654677216.429522 0.0421801 -1.0026060 0.7017648 -0.7214174 -0.0531459 0.0044279 0.6904433
1654677217.429627 0.0455649 -1.0239741 0.6400437 -0.7222855 -0.0535400 0.0050514 0.6895000
1654677220.282361 0.0542311 -1.0739982 0.5007687 -0.7250471 -0.0532068 0.0064652 0.6866096
1654677222.429600 0.0432994 -0.9572920 0.4359335 -0.7261848 -0.0547674 0.0051475 0.6852946
1654677222.682519 0.0431807 -0.9281855 0.4312136 -0.7254072 -0.0527431 0.0059272 0.6862691
1654677225.229847 0.0172136 -0.6321655 0.2815785 -0.7274845 -0.0526208 0.0062267 0.6840738
1654677228.082190 -0.0152929 -0.3038997 0.1079290 -0.7294989 -0.0541816 0.0057729 0.6818075
1654677231.029658 -0.0412300 -0.0081592 -0.0434409 -0.7311155 -0.0540832 0.0051132 0.6800858
1654677233.979217 -0.0548744 0.1209918 -0.1119978 -0.7316108 -0.0551292 0.0056195 0.6794654
1654677236.532297 -0.0548679 0.1211716 -0.1121183 -0.7316018 -0.0547647 0.0051041 0.6795089
1654677239.082347 -0.0549332 0.1216003 -0.1123095 -0.7316897 -0.0546887 0.0053129 0.6794185
1654677241.732305 -0.0548615 0.1217899 -0.1122491 -0.7317961 -0.0544647 0.0052017 0.6793228
1654677244.429958 -0.0549362 0.1220274 -0.1122754 -0.7317121 -0.0547161 0.0052268 0.6793931
1654677247.279795 -0.0550641 0.1215137 -0.1123356 -0.7317082 -0.0546591 0.0052951 0.6794010
1654677248.281454 -0.1125043 0.0041390 -0.0948622 -0.7316779 -0.0513105 0.0175348 0.6794893
1654677251.029488 -0.2660191 -0.2428906 -0.0440765 -0.7314460 -0.0558725 0.0113781 0.6795104
1654677254.028688 -0.2659319 -0.2428020 -0.0441494 -0.7314298 -0.0559571 0.0113115 0.6795220
1654677256.932331 -0.2657063 -0.2421842 -0.0441099 -0.7314205 -0.0559946 0.0112935 0.6795292
1654677259.629433 -0.2655453 -0.2414923 -0.0444357 -0.7314095 -0.0560638 0.0112518 0.6795360
1654677262.282197 -0.2655750 -0.2418886 -0.0444049 -0.7314003 -0.0560378 0.0112794 0.6795476
1654677264.932342 -0.2657162 -0.2419445 -0.0442973 -0.7314090 -0.0560744 0.0112437 0.6795360
1654677267.629314 -0.2656575 -0.2414242 -0.0443026 -0.7314077 -0.0560534 0.0112631 0.6795389
1654677268.132158 -0.2656313 -0.2415356 -0.0444245 -0.7314066 -0.0560893 0.0112342 0.6795374
1654677268.683074 -0.2654232 -0.2414525 -0.0443616 -0.7314060 -0.0560881 0.0112473 0.6795381
1654677269.229443 -0.2655177 -0.2408189 -0.0443815 -0.7314020 -0.0560996 0.0112378 0.6795417
1654677269.732195 -0.2653791 -0.2404171 -0.0443369 -0.7313984 -0.0561200 0.0112342 0.6795439
1654677270.282041 -0.2652115 -0.2396811 -0.0444888 -0.7314094 -0.0560465 0.0112933 0.6795373
1654677270.829642 -0.2652366 -0.2407192 -0.0444225 -0.7313967 -0.0561465 0.0112174 0.6795440
1654677271.331211 -0.2662371 -0.2436078 -0.0444930 -0.7313886 -0.0560899 0.0111731 0.6795580
1654677271.578906 -0.2647986 -0.2409437 -0.0445192 -0.7313957 -0.0561469 0.0112525 0.6795444
1654677272.082360 -0.2656582 -0.2413301 -0.0444625 -0.7314013 -0.0560656 0.0112429 0.6795452
1654677272.332323 -0.2651826 -0.2403636 -0.0448014 -0.7313958 -0.0561425 0.0112192 0.6795452
1654677272.882174 -0.2651912 -0.2402726 -0.0443225 -0.7314159 -0.0560658 0.0112878 0.6795288
1654677273.429103 -0.2656346 -0.2420477 -0.0445685 -0.7313856 -0.0561297 0.0112031 0.6795577
1654677273.932117 -0.2653119 -0.2406936 -0.0444913 -0.7313922 -0.0561208 0.0112399 0.6795507
1654677274.379449 -0.2650822 -0.2400167 -0.0445308 -0.7313876 -0.0561500 0.0112334 0.6795533
1654677274.629357 -0.2653083 -0.2402815 -0.0444262 -0.7313907 -0.0560804 0.0112829 0.6795550
1654677274.932232 -0.2653569 -0.2409090 -0.0444678 -0.7313930 -0.0561247 0.0112396 0.6795496
1654677275.429639 -0.2654973 -0.2411080 -0.0445055 -0.7313935 -0.0561014 0.0112391 0.6795510
1654677275.882251 -0.2652381 -0.2406926 -0.0444193 -0.7314017 -0.0560749 0.0113091 0.6795433
1654677276.082136 -0.2656171 -0.2411696 -0.0443178 -0.7314309 -0.0559732 0.0113257 0.6795201
1654677276.579504 -0.2654906 -0.2404779 -0.0443605 -0.7314152 -0.0560209 0.0113207 0.6795331
1654677277.029237 -0.2650976 -0.2397658 -0.0444666 -0.7314125 -0.0560261 0.0113708 0.6795348
