1654680074.024230 0.0816424 -0.0199916 -0.0361013 -0.7348873 -0.0650484 0.0131315 0.6749347
1654680074.524141 0.1310224 -0.0113324 -0.0360880 -0.7351537 -0.0611851 0.0088247 0.6750759
1654680075.072080 0.1580262 -0.0056822 -0.0356263 -0.7354900 -0.0585344 0.0055526 0.6749778
1654680075.624279 0.1514667 -0.0082689 -0.0350962 -0.7354134 -0.0585667 0.0067208 0.6750466
1654680075.922911 0.1735879 -0.0033787 -0.0355809 -0.7355209 -0.0561760 0.0042526 0.6751527
1654680076.423844 0.2045171 -0.0000733 -0.0345445 -0.7356437 -0.0530739 0.0016033 0.6752818
1654680078.474452 0.5022306 0.0374784 -0.0293719 -0.7367023 -0.0168973 -0.0317587 0.6752570
1654680080.074467 0.5080934 0.0367056 -0.0284379 -0.7365544 -0.0162931 -0.0319265 0.6754256
1654680080.774440 0.4803821 0.0352310 -0.0287152 -0.7365935 -0.0197147 -0.0289997 0.6754243
1654680081.074034 0.4584357 0.0328313 -0.0291406 -0.7366112 -0.0224917 -0.0266151 0.6754159
1654680082.274291 0.3776617 0.0265064 -0.0300368 -0.7365711 -0.0319361 -0.0175011 0.6753762
1654680083.524322 0.3103422 0.0182006 -0.0317505 -0.7362510 -0.0398390 -0.0105042 0.6754502
1654680086.322131 0.3165213 -0.0116129 -0.0153838 -0.7359719 -0.0393685 -0.0113314 0.6757696
1654680087.274395 0.3155954 -0.0684427 0.0143498 -0.7356694 -0.0398625 -0.0107650 0.6760799
1654680088.274215 0.3207697 -0.1338615 0.0497208 -0.7353873 -0.0388890 -0.0101839 0.6764514
1654680090.123313 0.3259084 -0.2680919 0.1202163 -0.7345700 -0.0392600 -0.0105867 0.6773114
1654680090.874267 0.3319107 -0.3253455 0.1500582 -0.7343290 -0.0390791 -0.0109199 0.6775770
1654680092.723527 0.3360512 -0.4664279 0.2221454 -0.7335173 -0.0391021 -0.0109464 0.6784545
1654680093.174246 0.3366781 -0.5037499 0.2412085 -0.7333559 -0.0396130 -0.0106771 0.6786039
1654680093.623535 0.3390537 -0.5378860 0.2594784 -0.7332483 -0.0397679 -0.0109101 0.6787075
1654680094.074205 0.3385883 -0.5753977 0.2773350 -0.7329587 -0.0403144 -0.0106498 0.6789925
1654680094.523549 0.3415107 -0.6087843 0.2951280 -0.7327110 -0.0399874 -0.0110148 0.6792726
1654680096.524109 0.3384646 -0.6120133 0.3228043 -0.7305207 -0.0404182 -0.0107521 0.6816069
1654680096.824134 0.3370544 -0.6070988 0.3609081 -0.7267584 -0.0403449 -0.0109782 0.6856177
1654680097.124222 0.3357259 -0.5987744 0.3939539 -0.7248237 -0.0402808 -0.0109209 0.6876677
1654680097.574404 0.3318745 -0.5801754 0.4523819 -0.7225600 -0.0400236 -0.0109011 0.6900606
1654680098.324160 0.3257506 -0.5452427 0.5466378 -0.7214538 -0.0398444 -0.0116144 0.6912155
1654680098.524223 0.3269856 -0.5364469 0.5701866 -0.7211601 -0.0393639 -0.0112731 0.6915562
1654680099.024185 0.3209597 -0.5197689 0.6190456 -0.7208554 -0.0393789 -0.0119100 0.6918623
1654680101.324185 0.3197425 -0.4990100 0.6582435 -0.7220555 -0.0393490 -0.0129421 0.6905928
1654680102.924180 0.3207975 -0.5211458 0.6659175 -0.7221034 -0.0393395 -0.0126179 0.6905495
1654680103.574367 0.3233636 -0.5428677 0.6752552 -0.7217579 -0.0391373 -0.0125547 0.6909231
1654680106.424128 0.3015069 -0.5770828 0.6897294 -0.7216193 -0.0419989 -0.0080236 0.6909680
1654680106.623497 0.2807634 -0.5794886 0.6884502 -0.7217900 -0.0447730 -0.0055975 0.6906392
1654680107.074193 0.2484444 -0.5858889 0.6877584 -0.7213852 -0.0494347 -0.0009392 0.6907662
1654680107.473346 0.2139375 -0.5922341 0.6865028 -0.7210773 -0.0545643 0.0038666 0.6906912
1654680107.873316 0.1631400 -0.6026559 0.6840452 -0.7206733 -0.0618842 0.0104007 0.6904285
1654680108.174190 0.1271713 -0.6107398 0.6835259 -0.7202867 -0.0666932 0.0156821 0.6902844
1654680108.675082 0.0661091 -0.6261668 0.6821364 -0.7195357 -0.0759570 0.0244002 0.6898569
1654680108.774320 0.0527104 -0.6296815 0.6812146 -0.7194558 -0.0779826 0.0260714 0.6896532
1654680109.074204 0.0149981 -0.6400050 0.6811168 -0.7189243 -0.0832069 0.0317379 0.6893594
1654680109.274359 -0.0074262 -0.6464220 0.6801192 -0.7185727 -0.0865745 0.0346469 0.6891711
1654680109.673347 -0.0563361 -0.6616725 0.6791366 -0.7177859 -0.0937666 0.0415270 0.6886696
1654680109.772552 -0.0693437 -0.6660070 0.6781966 -0.7175385 -0.0956358 0.0434896 0.6885492
1654680110.022645 -0.1018730 -0.6764487 0.6765688 -0.7169850 -0.1004852 0.0481484 0.6881247
1654680110.823225 -0.1937481 -0.7075661 0.6753057 -0.7152211 -0.1146198 0.0619042 0.6866500
1654680111.124537 -0.2320945 -0.7226863 0.6741327 -0.7144053 -0.1204233 0.0672994 0.6859983
1654680111.424340 -0.2646123 -0.7354921 0.6731863 -0.7136266 -0.1256620 0.0722104 0.6853693
1654680111.624308 -0.2883952 -0.7451599 0.6718675 -0.7131072 -0.1288526 0.0755931 0.6849526
1654680111.724415 -0.3012955 -0.7502400 0.6710994 -0.7127709 -0.1305987 0.0775044 0.6847582
1654680111.922498 -0.3232853 -0.7601708 0.6727776 -0.7122763 -0.1344458 0.0809550 0.6841288
1654680112.372492 -0.3742079 -0.7821900 0.6701245 -0.7108391 -0.1421838 0.0891088 0.6830448
1654680112.622513 -0.4013737 -0.7970876 0.6702222 -0.7100727 -0.1469310 0.0928982 0.6823318
1654680112.722568 -0.4131617 -0.8033550 0.6700246 -0.7097487 -0.1483724 0.0946895 0.6821107
1654680113.724062 -0.5227200 -0.8602666 0.6657393 -0.7061229 -0.1660661 0.1120291 0.6791617
1654680113.974149 -0.5526731 -0.8776150 0.6655009 -0.7051511 -0.1703762 0.1161395 0.6784130
1654680114.274237 -0.5872768 -0.8973199 0.6642103 -0.7038851 -0.1757943 0.1218574 0.6773417
1654680114.374145 -0.5966519 -0.9023653 0.6640503 -0.7035676 -0.1775951 0.1231692 0.6769643
1654680114.874203 -0.6478224 -0.9327089 0.6618326 -0.7014393 -0.1860292 0.1312193 0.6753935
1654680115.223407 -0.6862440 -0.9570594 0.6614409 -0.6998610 -0.1923021 0.1374201 0.6740394
1654680115.424261 -0.7064037 -0.9706151 0.6606503 -0.6989947 -0.1958075 0.1404242 0.6733093
1654680116.074073 -0.7710733 -1.0158097 0.6577657 -0.6958665 -0.2070120 0.1517158 0.6707438
1654680116.174041 -0.7813671 -1.0234911 0.6575686 -0.6954135 -0.2085042 0.1535763 0.6703278
1654680116.223388 -0.7864237 -1.0270827 0.6575171 -0.6951558 -0.2096033 0.1542547 0.6700964
1654680116.722551 -0.8318658 -1.0624938 0.6570066 -0.6928543 -0.2175143 0.1625167 0.6680030
1654680117.524301 -0.9091063 -1.1232234 0.6548083 -0.6886092 -0.2314642 0.1756559 0.6643685
1654680117.724175 -0.9266198 -1.1370652 0.6547110 -0.6876348 -0.2347025 0.1792568 0.6632794
1654680117.774475 -0.9309354 -1.1407661 0.6546496 -0.6873656 -0.2352888 0.1799482 0.6631632
1654680118.174069 -0.9697659 -1.1724521 0.6531357 -0.6851481 -0.2421346 0.1867902 0.6610979
1654680118.924035 -1.0369067 -1.2317203 0.6509610 -0.6808193 -0.2545351 0.1986395 0.6574470
1654680119.623347 -1.0851471 -1.2813481 0.6509044 -0.6774981 -0.2633318 0.2081190 0.6544749
1654680120.073247 -1.0661838 -1.2577506 0.6507841 -0.6790259 -0.2597666 0.2029322 0.6559423
1654680120.523570 -1.0816826 -1.2764862 0.6509213 -0.6779925 -0.2623569 0.2070273 0.6547006
1654680122.474216 -1.0780009 -1.2661284 0.6723418 -0.6770292 -0.2614559 0.2056931 0.6564752
1654680123.374448 -1.0904658 -1.2548923 0.7267082 -0.6774489 -0.2609050 0.2052145 0.6564121
1654680123.824158 -1.0988619 -1.2502348 0.7583467 -0.6768063 -0.2613289 0.2052711 0.6568886
1654680124.273973 -1.1043715 -1.2430789 0.7871271 -0.6768827 -0.2609014 0.2047490 0.6571421
1654680124.672535 -1.1095991 -1.2389996 0.8132770 -0.6764275 -0.2610481 0.2049485 0.6574908
1654680125.523606 -1.1217566 -1.2272041 0.8684266 -0.6763808 -0.2611977 0.2041784 0.6577194
1654680125.974154 -1.1271785 -1.2234914 0.8969188 -0.6763847 -0.2610151 0.2041288 0.6578030
1654680126.474077 -1.1321028 -1.2171428 0.9298322 -0.6765364 -0.2609370 0.2037825 0.6577859
1654680126.972761 -1.1384382 -1.2119644 0.9616070 -0.6765262 -0.2610081 0.2033523 0.6579013
1654680127.373613 -1.1429207 -1.2068709 0.9871755 -0.6766635 -0.2609569 0.2030116 0.6578854
1654680127.724194 -1.1466198 -1.2025286 1.0099112 -0.6766971 -0.2608392 0.2031870 0.6578429
1654680128.674228 -1.1562010 -1.1960849 1.0719773 -0.6769230 -0.2607657 0.2022687 0.6579226
1654680129.074158 -1.1595037 -1.1936917 1.0985416 -0.6769455 -0.2608250 0.2019834 0.6579639
1654680129.972818 -1.1698138 -1.1852899 1.1749206 -0.6773795 -0.2606515 0.2015572 0.6577170
1654680130.924090 -1.1815460 -1.1760417 1.2670383 -0.6778514 -0.2604233 0.2005803 0.6576194
1654680131.374125 -1.1858202 -1.1724063 1.3099973 -0.6781028 -0.2605131 0.1999104 0.6575287
1654680131.674196 -1.1887937 -1.1696509 1.3391405 -0.6782898 -0.2605207 0.1998364 0.6573555
1654680132.074275 -1.1927264 -1.1661625 1.3774980 -0.6785406 -0.2604338 0.1995315 0.6572231
1654680132.373595 -1.1960988 -1.1640731 1.4058366 -0.6787968 -0.2604096 0.1991533 0.6570827
1654680132.773803 -1.2004203 -1.1614945 1.4441113 -0.6791242 -0.2602355 0.1987089 0.6569487
1654680133.574242 -1.2064227 -1.1559411 1.5193399 -0.6797287 -0.2600312 0.1981825 0.6565633
1654680134.774740 -1.2153124 -1.1508698 1.6282277 -0.6803572 -0.2600290 0.1968405 0.6563166
1654680136.174098 -1.2213278 -1.1510611 1.7566441 -0.6816859 -0.2593282 0.1952587 0.6556877
1654680136.774235 -1.2233109 -1.1520308 1.8095435 -0.6820515 -0.2592492 0.1950076 0.6554134
1654680137.974161 -1.2227309 -1.1529701 1.9089468 -0.6830777 -0.2587751 0.1945273 0.6546740
1654680138.374244 -1.2241731 -1.1551979 1.9397625 -0.6833817 -0.2589585 0.1937376 0.6545184
1654680138.874189 -1.2214887 -1.1557425 1.9743795 -0.6835878 -0.2587995 0.1936888 0.6543802
1654680139.524172 -1.2201432 -1.1603044 2.0210862 -0.6840403 -0.2586671 0.1928932 0.6541951
1654680139.924640 -1.2183832 -1.1643277 2.0489395 -0.6843258 -0.2584175 0.1926958 0.6540537
1654680140.324954 -1.2178432 -1.1673374 2.0771828 -0.6845203 -0.2584654 0.1922028 0.6539759
1654680141.024163 -1.2177399 -1.1722902 2.1255910 -0.6849777 -0.2582156 0.1919274 0.6536766
1654680141.824314 -1.2119125 -1.1796241 2.1787024 -0.6852620 -0.2581294 0.1915107 0.6535346
1654680142.274285 -1.2099771 -1.1807563 2.2116885 -0.6857122 -0.2579060 0.1914082 0.6531807
1654680142.724216 -1.2105727 -1.1865520 2.2383616 -0.6857490 -0.2578720 0.1904468 0.6534360
1654680143.223458 -1.2053927 -1.1892550 2.2705183 -0.6861094 -0.2576363 0.1907809 0.6530532
1654680145.674226 -1.1903913 -1.2108946 2.4192080 -0.6872682 -0.2572730 0.1895432 0.6523379
1654680146.324219 -1.1927981 -1.2100439 2.4198501 -0.6882862 -0.2573219 0.1888210 0.6514537
1654680147.773414 -1.1923950 -1.2087563 2.4198580 -0.6880985 -0.2572534 0.1890618 0.6516100
1654680149.324297 -1.2000444 -1.2147034 2.4180081 -0.6876145 -0.2588809 0.1904713 0.6510646
1654680151.724263 -1.2602644 -1.2898774 2.4191272 -0.6829633 -0.2716258 0.2028971 0.6469988
1654680154.224251 -1.3257775 -1.3646780 2.4177334 -0.6781156 -0.2840914 0.2150040 0.6428209
1654680156.023911 -1.3640721 -1.4063872 2.4187980 -0.6751881 -0.2918144 0.2210697 0.6403813
1654680158.374572 -1.3609060 -1.4125296 2.4174309 -0.6748024 -0.2923619 0.2216836 0.6403256
1654680161.374124 -1.3576269 -1.4158806 2.4174128 -0.6735684 -0.2952310 0.2251825 0.6390860
1654680163.874963 -1.3586514 -1.4156466 2.4132783 -0.6715662 -0.2932858 0.2272185 0.6413654
1654680166.274450 -1.3493980 -1.4489893 2.5541282 -0.6739653 -0.2940240 0.2236968 0.6397480
1654680167.474337 -1.3471326 -1.4574269 2.6025505 -0.6745167 -0.2934429 0.2231591 0.6396217
1654680168.623443 -1.3420938 -1.4693091 2.6521170 -0.6749587 -0.2937296 0.2218857 0.6394664
1654680171.224091 -1.3400290 -1.4678984 2.6785443 -0.6728455 -0.2909797 0.2244944 0.6420353
1654680172.674966 -1.3400190 -1.4679711 2.6783776 -0.6732653 -0.2904496 0.2247002 0.6417639
1654680173.123883 -1.3399358 -1.4681735 2.6785154 -0.6741548 -0.2911271 0.2230535 0.6410970
1654680173.972744 -1.3377757 -1.4722536 2.6846442 -0.6758602 -0.2933837 0.2218653 0.6386802
1654680174.423169 -1.3455396 -1.4704542 2.6774817 -0.6778818 -0.2935400 0.2202506 0.6370232
1654680175.223577 -1.3466015 -1.4702084 2.6790009 -0.6788070 -0.2952378 0.2195403 0.6354969
1654680175.423586 -1.3472917 -1.4644644 2.6645079 -0.6791170 -0.2951437 0.2191143 0.6353567
1654680175.773517 -1.3450993 -1.4598895 2.6452188 -0.6786034 -0.2952309 0.2204819 0.6353919
1654680176.123647 -1.3495488 -1.4537369 2.6210291 -0.6788380 -0.2950399 0.2204490 0.6352414
1654680176.774416 -1.3546344 -1.4459138 2.5871184 -0.6786333 -0.2948969 0.2208907 0.6353730
1654680177.323963 -1.3574274 -1.4395499 2.5620129 -0.6784745 -0.2948742 0.2214268 0.6353665
1654680180.224283 -1.3767012 -1.4096694 2.4195497 -0.6770090 -0.2950626 0.2236042 0.6360792
1654680182.022338 -1.3815155 -1.4070938 2.3996005 -0.6767136 -0.2952985 0.2234362 0.6363428
1654680184.573990 -1.3642256 -1.3908916 2.4013834 -0.6777907 -0.2926084 0.2196015 0.6377729
1654680187.224231 -1.2196146 -1.2290466 2.4044831 -0.6888579 -0.2630732 0.1931450 0.6472722
1654680188.124244 -1.1468898 -1.1576885 2.4069865 -0.6936620 -0.2496750 0.1789682 0.6515094
1654680188.623734 -1.1028026 -1.1193606 2.4068193 -0.6963335 -0.2415970 0.1712753 0.6537693
1654680188.724207 -1.0935802 -1.1120129 2.4082668 -0.6969455 -0.2398981 0.1703285 0.6539902
1654680189.224012 -1.0487521 -1.0775528 2.4129648 -0.6995103 -0.2322752 0.1628059 0.6559170
1654680189.622782 -1.0119851 -1.0504937 2.4155312 -0.7012782 -0.2262218 0.1571027 0.6575336
1654680190.023558 -0.9743968 -1.0231375 2.4150372 -0.7029853 -0.2199028 0.1513781 0.6591949
1654680190.123602 -0.9630818 -1.0160903 2.4169810 -0.7035584 -0.2181099 0.1498481 0.6595286
1654680190.424133 -0.9342088 -0.9941820 2.4195557 -0.7052335 -0.2135974 0.1457175 0.6601419
1654680191.323773 -0.8592089 -0.9311945 2.4207807 -0.7087362 -0.1997794 0.1326708 0.6634598
1654680191.523276 -0.8403871 -0.9153271 2.4156144 -0.7094306 -0.1967823 0.1290758 0.6643218
1654680191.824087 -0.8139685 -0.8955544 2.4188845 -0.7105576 -0.1919306 0.1248609 0.6653416
1654680191.974158 -0.7997907 -0.8840868 2.4177487 -0.7111349 -0.1897964 0.1227645 0.6657270
1654680192.224217 -0.7745565 -0.8657559 2.4194336 -0.7122049 -0.1858215 0.1191764 0.6663561
1654680192.474038 -0.7491573 -0.8504835 2.4210715 -0.7130064 -0.1820173 0.1159175 0.6671236
1654680192.773438 -0.7208816 -0.8348828 2.4209976 -0.7141613 -0.1773774 0.1116476 0.6678658
1654680192.823395 -0.7166160 -0.8328305 2.4210560 -0.7143365 -0.1767836 0.1110504 0.6679352
1654680192.873477 -0.7120967 -0.8310724 2.4210000 -0.7144227 -0.1758755 0.1101355 0.6682340
1654680193.074450 -0.6917952 -0.8202341 2.4235361 -0.7151873 -0.1728067 0.1074854 0.6686486
1654680193.174427 -0.6819808 -0.8148019 2.4241002 -0.7156135 -0.1711429 0.1057149 0.6689022
1654680193.574594 -0.6411374 -0.7943867 2.4258330 -0.7168874 -0.1645999 0.1005547 0.6699744
1654680193.674571 -0.6303585 -0.7877832 2.4253716 -0.7171941 -0.1633662 0.0990612 0.6701702
1654680193.724563 -0.6251839 -0.7842594 2.4248796 -0.7173309 -0.1623444 0.0984382 0.6703640
1654680194.723494 -0.5281541 -0.7312137 2.4274578 -0.7202736 -0.1474729 0.0837836 0.6726332
1654680195.523476 -0.4490466 -0.6887406 2.4265232 -0.7224113 -0.1350096 0.0718884 0.6743326
1654680195.724595 -0.4301293 -0.6786883 2.4275069 -0.7229306 -0.1317524 0.0686718 0.6747552
1654680195.824634 -0.4179064 -0.6741884 2.4273903 -0.7231078 -0.1301915 0.0673815 0.6749983
1654680196.273414 -0.3714087 -0.6550325 2.4280379 -0.7241711 -0.1237715 0.0612391 0.6756513
1654680196.623528 -0.3347846 -0.6413460 2.4300759 -0.7250103 -0.1179436 0.0561223 0.6762383
1654680197.174218 -0.2779293 -0.6175048 2.4314921 -0.7261706 -0.1094027 0.0483414 0.6770290
1654680197.672973 -0.2265901 -0.5981320 2.4321609 -0.7271142 -0.1015053 0.0409426 0.6777341
1654680198.324172 -0.1585393 -0.5773543 2.4325287 -0.7281942 -0.0914332 0.0314183 0.6785163
1654680198.674348 -0.1185182 -0.5656984 2.4337456 -0.7287638 -0.0861099 0.0264685 0.6788124
1654680199.074302 -0.0752009 -0.5530462 2.4339309 -0.7293457 -0.0795670 0.0205402 0.6791914
1654680199.374236 -0.0445036 -0.5432432 2.4352505 -0.7297555 -0.0748481 0.0161877 0.6794051
1654680199.624033 -0.0209604 -0.5350293 2.4359102 -0.7301314 -0.0711834 0.0123943 0.6794752
1654680200.024029 0.0256525 -0.5251185 2.4371665 -0.7305259 -0.0648910 0.0066478 0.6797611
1654680200.224672 0.0476103 -0.5191681 2.4370241 -0.7307094 -0.0618448 0.0034907 0.6798719
1654680200.574104 0.0849309 -0.5097807 2.4376402 -0.7309971 -0.0564370 -0.0014247 0.6800399
1654680200.872593 0.1181116 -0.5008751 2.4378445 -0.7312852 -0.0516384 -0.0060175 0.6800866
1654680201.172527 0.1499507 -0.4939422 2.4390736 -0.7314594 -0.0468313 -0.0103533 0.6801955
1654680201.474337 0.1826511 -0.4878321 2.4392500 -0.7316629 -0.0422722 -0.0145780 0.6801977
1654680201.874275 0.2273746 -0.4819848 2.4404089 -0.7318616 -0.0358054 -0.0203631 0.6802070
1654680202.174316 0.2612922 -0.4781943 2.4410660 -0.7319603 -0.0314470 -0.0246717 0.6801738
1654680202.424158 0.2889661 -0.4742221 2.4418452 -0.7320517 -0.0273221 -0.0283813 0.6801084
1654680202.824329 0.3321857 -0.4692041 2.4434457 -0.7321505 -0.0210072 -0.0342093 0.6799585
1654680203.474143 0.4046735 -0.4613395 2.4452987 -0.7321470 -0.0109152 -0.0435834 0.6796630
1654680203.573452 0.4156150 -0.4601139 2.4456379 -0.7321160 -0.0092396 -0.0452206 0.6796142
1654680203.774537 0.4378152 -0.4580665 2.4463887 -0.7321511 -0.0062851 -0.0482950 0.6793987
1654680204.074227 0.4712358 -0.4587490 2.4482095 -0.7320421 -0.0013128 -0.0529366 0.6791983
