1654683256.140463 0.1002921 -1.1058770 0.0367234 -0.7431955 -0.0442715 -0.0034227 0.6675993
1654683256.739143 0.1811355 -1.0918355 0.0395846 -0.7434307 -0.0386539 -0.0106690 0.6676099
1654683256.989633 0.1799650 -1.0910746 0.0380392 -0.7437548 -0.0391617 -0.0099456 0.6672273
1654683258.091008 0.1271673 -1.0982744 0.0379251 -0.7433199 -0.0429781 -0.0068200 0.6675161
1654683258.640357 -0.0438233 -1.1279619 0.0376708 -0.7427654 -0.0545872 0.0086614 0.6672647
1654683258.890864 -0.0749017 -1.1317495 0.0351568 -0.7426938 -0.0578824 0.0093339 0.6670581
1654683259.139153 -0.1002965 -1.1369067 0.0318606 -0.7426479 -0.0596350 0.0099434 0.6669446
1654683260.040065 -0.3096898 -1.1813232 0.0318902 -0.7412086 -0.0751610 0.0260849 0.6665416
1654683260.689714 -0.4102211 -1.2065380 0.0307701 -0.7405353 -0.0832569 0.0331339 0.6660135
1654683263.639665 -0.4106857 -1.2137114 0.0352564 -0.7405493 -0.0833068 0.0323719 0.6660309
1654683265.941097 -0.3789792 -1.4180350 0.1459644 -0.7396866 -0.0840762 0.0336616 0.6668287
1654683266.338582 -0.3609751 -1.4496342 0.1693255 -0.7393236 -0.0831443 0.0327062 0.6673948
1654683266.788610 -0.3633754 -1.4972545 0.1944149 -0.7392420 -0.0836374 0.0332482 0.6673973
1654683268.990497 -0.3213110 -1.7218764 0.3218682 -0.7384606 -0.0829648 0.0336391 0.6683266
1654683269.489182 -0.3080097 -1.7719853 0.3527871 -0.7383783 -0.0824494 0.0333510 0.6684952
1654683269.789648 -0.3029243 -1.7960808 0.3633377 -0.7382295 -0.0828883 0.0327733 0.6686344
1654683271.091340 -0.3144727 -1.7826726 0.4455431 -0.7336763 -0.0829928 0.0336543 0.6735711
1654683271.890255 -0.3263631 -1.7311176 0.6097960 -0.7286103 -0.0818164 0.0336483 0.6791910
1654683272.038532 -0.3325752 -1.7192882 0.6419700 -0.7282894 -0.0823971 0.0336396 0.6794654
1654683272.139154 -0.3362511 -1.7116281 0.6617326 -0.7282440 -0.0823691 0.0337187 0.6795135
1654683272.289940 -0.3409857 -1.7002921 0.6903926 -0.7281418 -0.0830854 0.0335331 0.6795450
1654683272.390864 -0.3417222 -1.6916720 0.7108431 -0.7280884 -0.0828038 0.0334163 0.6796423
1654683272.691123 -0.3434804 -1.6653793 0.7775716 -0.7276673 -0.0821985 0.0327340 0.6801996
1654683273.089008 -0.3568411 -1.6340944 0.8609765 -0.7273756 -0.0826684 0.0328348 0.6804499
1654683273.190833 -0.3595425 -1.6264217 0.8828005 -0.7271857 -0.0825860 0.0327356 0.6806675
1654683273.289138 -0.3615354 -1.6184301 0.9042258 -0.7269999 -0.0826938 0.0325270 0.6808628
1654683273.490715 -0.3633774 -1.6019708 0.9477887 -0.7268735 -0.0822675 0.0322395 0.6810628
1654683273.590093 -0.3645870 -1.5940800 0.9689246 -0.7268217 -0.0820618 0.0318492 0.6811614
1654683273.939816 -0.3738018 -1.5688047 1.0451429 -0.7267322 -0.0821137 0.0320799 0.6812400
1654683274.090107 -0.3786934 -1.5583073 1.0789626 -0.7265545 -0.0821155 0.0320365 0.6814316
1654683274.190492 -0.3810198 -1.5509580 1.1010602 -0.7266008 -0.0820697 0.0319557 0.6813915
1654683274.389030 -0.3832445 -1.5359776 1.1435429 -0.7264801 -0.0819980 0.0313219 0.6815580
1654683274.538810 -0.3847814 -1.5249932 1.1752620 -0.7264320 -0.0820116 0.0308613 0.6816285
1654683274.840934 -0.3915030 -1.5050964 1.2399797 -0.7261822 -0.0822200 0.0306945 0.6818773
1654683275.191160 -0.3984233 -1.4815140 1.3146222 -0.7261114 -0.0823854 0.0304949 0.6819415
1654683275.390600 -0.4009401 -1.4695128 1.3564450 -0.7261186 -0.0820813 0.0300961 0.6819882
1654683275.490013 -0.4021288 -1.4636846 1.3777388 -0.7260466 -0.0820382 0.0297703 0.6820842
1654683275.689573 -0.4062085 -1.4524200 1.4202899 -0.7260438 -0.0817101 0.0299218 0.6821199
1654683275.889573 -0.4111569 -1.4414005 1.4623156 -0.7260594 -0.0819661 0.0298050 0.6820778
1654683275.939661 -0.4120856 -1.4386126 1.4728053 -0.7260742 -0.0819217 0.0299630 0.6820602
1654683276.088560 -0.4142278 -1.4302644 1.5041050 -0.7260574 -0.0820044 0.0296613 0.6820815
1654683276.390431 -0.4165896 -1.4131684 1.5675005 -0.7262183 -0.0816784 0.0290337 0.6819768
1654683276.489567 -0.4182766 -1.4079857 1.5882360 -0.7262630 -0.0817007 0.0290230 0.6819269
1654683276.639916 -0.4212806 -1.4006596 1.6196514 -0.7263220 -0.0817064 0.0289402 0.6818669
1654683276.739996 -0.4235920 -1.3958242 1.6406302 -0.7263516 -0.0818848 0.0289964 0.6818113
1654683277.039795 -0.4282597 -1.3811691 1.7035515 -0.7264917 -0.0815148 0.0289174 0.6817096
1654683277.139930 -0.4292359 -1.3761342 1.7245052 -0.7265644 -0.0815874 0.0284679 0.6816418
1654683277.390119 -0.4321369 -1.3642558 1.7764202 -0.7267420 -0.0815389 0.0280437 0.6814765
1654683277.738693 -0.4384527 -1.3490874 1.8481690 -0.7268211 -0.0814748 0.0279422 0.6814041
1654683277.839574 -0.4398046 -1.3447225 1.8688369 -0.7268302 -0.0814726 0.0279285 0.6813951
1654683278.090804 -0.4421185 -1.3338454 1.9199024 -0.7270785 -0.0811442 0.0276779 0.6811796
1654683278.339366 -0.4446014 -1.3238839 1.9705949 -0.7271906 -0.0811647 0.0273591 0.6810699
1654683278.740158 -0.4509791 -1.3091006 2.0515616 -0.7273811 -0.0810393 0.0272630 0.6808847
1654683279.040107 -0.4534312 -1.2982175 2.1119945 -0.7276157 -0.0808347 0.0265946 0.6806850
1654683279.289069 -0.4566442 -1.2899207 2.1621065 -0.7277143 -0.0809372 0.0263008 0.6805791
1654683279.639961 -0.4619700 -1.2786692 2.2325490 -0.7279441 -0.0809512 0.0258063 0.6803508
1654683279.841054 -0.4636778 -1.2722687 2.2734354 -0.7281708 -0.0806307 0.0257929 0.6801462
1654683279.991393 -0.4646816 -1.2678127 2.3040357 -0.7282894 -0.0806456 0.0254505 0.6800300
1654683281.190967 -0.4762672 -1.2388754 2.5422618 -0.7291570 -0.0803357 0.0243304 0.6791784
1654683281.340512 -0.4779003 -1.2365744 2.5717998 -0.7292480 -0.0803838 0.0240426 0.6790850
1654683281.441476 -0.4787412 -1.2349254 2.5917652 -0.7293507 -0.0802462 0.0241036 0.6789890
1654683281.838766 -0.4817783 -1.2292129 2.6713161 -0.7296812 -0.0800694 0.0236351 0.6786703
1654683282.189566 -0.4858274 -1.2250667 2.7413199 -0.7299606 -0.0800018 0.0232580 0.6783915
1654683282.438539 -0.4872323 -1.2226307 2.7916889 -0.7300932 -0.0801174 0.0227307 0.6782529
1654683282.638555 -0.4884354 -1.2215101 2.8328574 -0.7302493 -0.0799297 0.0227023 0.6781077
1654683282.889455 -0.4901224 -1.2203288 2.8855317 -0.7304235 -0.0799340 0.0224697 0.6779276
1654683283.288770 -0.4921091 -1.2190251 2.9709899 -0.7307658 -0.0798231 0.0220492 0.6775861
1654683283.690095 -0.4943790 -1.2192831 3.0581496 -0.7311373 -0.0796888 0.0216481 0.6772130
1654683283.995837 -0.4966976 -1.2195808 3.1249123 -0.7314532 -0.0793955 0.0212216 0.6769195
1654683284.139499 -0.4973282 -1.2195574 3.1567719 -0.7315286 -0.0793435 0.0209716 0.6768524
1654683284.538588 -0.4982211 -1.2180500 3.2462964 -0.7318359 -0.0793007 0.0205773 0.6765376
1654683284.688628 -0.4983840 -1.2196786 3.2799842 -0.7319703 -0.0792815 0.0203963 0.6763998
1654683284.940662 -0.4987837 -1.2218992 3.3379047 -0.7322518 -0.0791777 0.0201168 0.6761153
1654683285.189160 -0.4995748 -1.2268655 3.3970637 -0.7324823 -0.0790332 0.0198592 0.6758900
1654683285.689419 -0.5022631 -1.2351549 3.5137851 -0.7330107 -0.0786982 0.0195287 0.6753656
1654683285.789459 -0.5027319 -1.2371562 3.5376167 -0.7331073 -0.0785558 0.0194145 0.6752806
1654683286.039167 -0.5035801 -1.2441483 3.5972695 -0.7333652 -0.0783427 0.0189108 0.6750392
1654683286.339805 -0.5032917 -1.2509425 3.6684883 -0.7335855 -0.0783288 0.0187927 0.6748050
1654683286.788876 -0.5015010 -1.2634168 3.7794318 -0.7339653 -0.0779760 0.0183496 0.6744452
1654683286.989413 -0.5010411 -1.2702038 3.8295445 -0.7341900 -0.0777987 0.0183350 0.6742215
1654683287.489183 -0.5029340 -1.2891618 3.9540000 -0.7347291 -0.0773669 0.0174442 0.6737070
1654683287.589738 -0.5026691 -1.2929134 3.9790649 -0.7347661 -0.0773727 0.0173615 0.6736681
1654683287.839895 -0.5003489 -1.3030841 4.0420346 -0.7350984 -0.0771794 0.0172401 0.6733308
1654683288.689427 -0.4943262 -1.3492837 4.2625632 -0.7357699 -0.0764796 0.0165004 0.6726960
1654683288.890984 -0.4953294 -1.3585463 4.3162084 -0.7361068 -0.0763451 0.0163860 0.6723453
1654683289.539403 -0.4905126 -1.4034058 4.4898777 -0.7366629 -0.0755085 0.0160423 0.6718391
1654683289.941143 -0.4889134 -1.4326428 4.5948792 -0.7369716 -0.0752081 0.0155418 0.6715447
1654683292.439382 -0.4610147 -1.6118146 5.1093540 -0.7380942 -0.0725863 0.0148860 0.6706153
1654683295.339955 -0.4602366 -1.6311142 5.1618185 -0.7394267 -0.0728290 0.0148405 0.6691201
1654683297.289871 -0.4988128 -1.4421469 5.2199497 -0.7405352 -0.0727155 0.0146510 0.6679097
1654683300.289761 -0.5970283 -0.9793381 5.3723044 -0.7422100 -0.0732678 0.0137405 0.6660067
1654683303.189680 -0.6929187 -0.5086430 5.5212660 -0.7443569 -0.0737429 0.0136620 0.6635551
1654683305.589802 -0.7605473 -0.1085120 5.6385822 -0.7471274 -0.0718174 0.0184397 0.6605298
1654683308.139189 -0.8574899 0.3153714 5.7626958 -0.7493821 -0.0735608 0.0181353 0.6577864
1654683310.889407 -0.8741898 0.3809089 5.8036499 -0.7495681 -0.0738038 0.0180224 0.6575506
1654683313.590839 -0.8543190 0.2255371 6.1655374 -0.7496822 -0.0731766 0.0178898 0.6574941
1654683314.789123 -0.8521600 0.2254228 6.1637492 -0.7500878 -0.0732853 0.0176997 0.6570255
1654683315.288979 -0.8527133 0.2198788 6.1664505 -0.7494691 -0.0730195 0.0182477 0.6577449
1654683316.989254 -0.6837258 0.2666311 6.1655860 -0.7508261 -0.0626513 0.0082430 0.6574680
1654683317.440336 -0.5984524 0.2833384 6.1744347 -0.7507393 -0.0573928 0.0036008 0.6580894
1654683320.239581 0.1497564 0.4056064 6.1683364 -0.7519477 -0.0122206 -0.0365430 0.6580928
1654683323.239218 0.9626349 0.4223706 6.1760821 -0.7502542 0.0365366 -0.0802394 0.6552423
1654683323.888561 1.1296736 0.4131356 6.1793013 -0.7495213 0.0469971 -0.0898121 0.6541720
1654683324.190152 1.2100728 0.4058723 6.1823630 -0.7490842 0.0516866 -0.0940612 0.6537212
1654683325.340774 1.5264324 0.3716651 6.1944127 -0.7471416 0.0707285 -0.1106406 0.6515616
1654683326.940476 1.9599216 0.2996937 6.2027407 -0.7438315 0.0964946 -0.1336614 0.6477155
1654683329.839809 2.3724551 0.1937883 6.2132859 -0.7397083 0.1206259 -0.1578315 0.6429374
1654683332.039103 2.4054744 0.1811082 6.2136021 -0.7390632 0.1242584 -0.1575001 0.6430685
1654683332.488651 2.4150238 0.1794186 6.2126036 -0.7388424 0.1242051 -0.1580065 0.6432081
1654683332.889866 2.3970504 0.1788882 6.2388234 -0.7403253 0.1236804 -0.1601848 0.6410622
1654683335.789435 2.2841840 -0.0947921 6.7516184 -0.7372805 0.1246747 -0.1573552 0.6450664
1654683336.740627 2.2861557 -0.0864497 6.7528062 -0.7376783 0.1245304 -0.1573043 0.6446522
1654683336.940662 2.2914207 -0.0758099 6.7394619 -0.7385004 0.1252391 -0.1567834 0.6437001
1654683337.989897 2.0882235 -0.0223694 6.7290039 -0.7410496 0.1118351 -0.1481556 0.6452797
1654683338.488346 2.0250909 0.0027296 6.7187181 -0.7426652 0.1084870 -0.1430792 0.6451395
1654683338.640436 1.9963887 -0.0031611 6.7318778 -0.7417805 0.1069966 -0.1416681 0.6467163
1654683339.140690 1.8570017 0.0395899 6.7156315 -0.7441651 0.0979893 -0.1337868 0.6470828
1654683339.738702 1.6267668 0.0694694 6.7214508 -0.7451230 0.0831054 -0.1230973 0.6501765
1654683340.640529 1.3726237 0.1117455 6.7057233 -0.7477698 0.0685642 -0.1073992 0.6516159
1654683341.139119 1.2019460 0.1274875 6.7026772 -0.7487956 0.0571657 -0.0984318 0.6529512
1654683342.040933 0.9054166 0.1439172 6.7028799 -0.7498279 0.0383994 -0.0811798 0.6555091
1654683342.240230 0.8512967 0.1549394 6.6899257 -0.7508130 0.0349844 -0.0789948 0.6548389
1654683343.240902 0.5160662 0.1546137 6.6860337 -0.7518376 0.0139095 -0.0605649 0.6564118
1654683344.538424 0.1072091 0.1387379 6.6820230 -0.7530181 -0.0111643 -0.0374932 0.6568341
1654683344.839745 0.0009103 0.1201386 6.6934752 -0.7523591 -0.0176701 -0.0314009 0.6577649
1654683345.289173 -0.1417158 0.1100849 6.6925492 -0.7524213 -0.0268016 -0.0236997 0.6577085
1654683345.588273 -0.2277856 0.1043848 6.6907864 -0.7528961 -0.0326694 -0.0185915 0.6570635
1654683346.738888 -0.5987164 0.0366266 6.6850019 -0.7516963 -0.0563603 0.0027643 0.6570892
1654683348.438249 -1.1377646 -0.1162116 6.6682029 -0.7486779 -0.0917155 0.0345505 0.6556484
1654683349.588265 -1.5045096 -0.2463846 6.6604481 -0.7458153 -0.1160975 0.0565718 0.6535126
1654683350.189000 -1.6944450 -0.3347144 6.6640339 -0.7434489 -0.1289218 0.0689882 0.6526114
1654683350.539250 -1.8089800 -0.3778508 6.6521478 -0.7425485 -0.1367214 0.0753630 0.6513426
1654683351.038813 -1.9701282 -0.4671814 6.6549277 -0.7402643 -0.1481850 0.0855545 0.6501759
1654683352.189241 -2.3336229 -0.6485433 6.6443157 -0.7351725 -0.1724584 0.1084288 0.6465457
1654683355.089645 -2.6009941 -0.8135787 6.6377878 -0.7305874 -0.1920132 0.1267751 0.6428834
1654683357.839102 -2.6220891 -0.8048210 6.6349978 -0.7307845 -0.1920291 0.1264823 0.6427125
1654683358.240310 -2.6217546 -0.8073257 6.6370554 -0.7306255 -0.1919279 0.1268723 0.6428468
1654683360.688541 -2.5274971 -0.9875655 6.5686655 -0.7298368 -0.1915760 0.1264170 0.6439367
1654683361.539055 -2.4514971 -1.1127100 6.5213494 -0.7291042 -0.1907133 0.1271858 0.6448701
1654683363.039245 -2.3164597 -1.3382146 6.4106102 -0.7278313 -0.1901649 0.1266908 0.6465651
1654683363.688130 -2.2558963 -1.4371948 6.3626313 -0.7270620 -0.1905625 0.1251978 0.6476035
1654683364.090652 -2.2302957 -1.4933970 6.3322525 -0.7262438 -0.1910391 0.1230821 0.6487859
1654683364.538527 -2.1942990 -1.5593331 6.2948828 -0.7258467 -0.1907844 0.1216571 0.6495736
1654683364.838732 -2.1668968 -1.5985675 6.2691221 -0.7255188 -0.1908479 0.1223242 0.6497963
1654683364.938698 -2.1574283 -1.6159208 6.2606111 -0.7252904 -0.1910045 0.1228626 0.6499026
1654683367.089357 -1.9675245 -1.9416077 6.0879726 -0.7239093 -0.1899548 0.1224793 0.6518200
1654683367.539456 -1.9244008 -2.0175366 6.0580683 -0.7238507 -0.1896033 0.1232807 0.6518363
1654683367.789335 -1.8994513 -2.0607297 6.0392799 -0.7237133 -0.1891054 0.1233443 0.6521207
1654683368.138690 -1.8688055 -2.1080220 6.0100002 -0.7235902 -0.1895567 0.1232875 0.6521381
1654683368.989046 -1.7923084 -2.2361441 5.9432788 -0.7230085 -0.1893866 0.1230752 0.6528715
1654683370.189004 -1.6882179 -2.4136066 5.8492932 -0.7223586 -0.1883903 0.1246064 0.6535884
1654683370.888401 -1.6281559 -2.5118222 5.7932105 -0.7220259 -0.1882702 0.1242684 0.6540548
1654683372.389252 -1.4990392 -2.7384353 5.6763806 -0.7212487 -0.1879790 0.1245225 0.6549467
1654683372.889488 -1.4574074 -2.8144102 5.6339359 -0.7208425 -0.1878088 0.1240766 0.6555275
1654683373.290877 -1.4341098 -2.8670745 5.6106195 -0.7205907 -0.1881956 0.1237818 0.6557493
1654683374.238792 -1.4385775 -2.8385372 5.5578079 -0.7219926 -0.1885988 0.1250762 0.6538424
1654683374.689734 -1.4668345 -2.7935622 5.4667335 -0.7225740 -0.1886642 0.1240279 0.6533819
1654683375.139981 -1.5043026 -2.7386413 5.3595066 -0.7244267 -0.1902968 0.1210558 0.6514106
1654683375.238857 -1.5071359 -2.7337322 5.3428121 -0.7240149 -0.1904150 0.1217743 0.6517012
1654683375.388170 -1.5053231 -2.7324162 5.3255010 -0.7227059 -0.1897325 0.1236775 0.6529937
1654683376.239031 -1.5500534 -2.6463566 5.1419778 -0.7222530 -0.1907442 0.1247539 0.6529941
1654683376.689260 -1.5752922 -2.5965528 5.0292544 -0.7229055 -0.1912440 0.1237219 0.6523228
1654683377.240749 -1.6028609 -2.5461655 4.8900518 -0.7231143 -0.1918180 0.1235060 0.6519637
1654683377.589150 -1.6127517 -2.5266027 4.8145990 -0.7215183 -0.1919836 0.1253219 0.6533344
1654683377.891486 -1.6305687 -2.4960067 4.7313380 -0.7224162 -0.1926504 0.1240466 0.6523890
1654683378.839112 -1.6560321 -2.4413354 4.5201268 -0.7205609 -0.1930610 0.1262649 0.6538924
1654683379.639405 -1.6785057 -2.4029682 4.3540530 -0.7203049 -0.1938925 0.1262206 0.6539375
1654683379.988618 -1.6844709 -2.3920066 4.2930079 -0.7199765 -0.1942584 0.1263846 0.6541585
1654683380.189218 -1.6874807 -2.3865829 4.2630496 -0.7198644 -0.1945024 0.1263646 0.6542136
1654683383.089192 -1.7049415 -2.3495607 4.0542736 -0.7181686 -0.1950755 0.1279525 0.6555966
1654683384.488821 -1.7092370 -2.3426046 4.0491185 -0.7185907 -0.1952647 0.1273113 0.6552021
1654683385.339109 -1.7087797 -2.3519049 4.0480652 -0.7182655 -0.1955868 0.1276749 0.6553921
1654683385.837975 -1.7856627 -2.3973448 4.0462008 -0.7165620 -0.2027805 0.1344456 0.6537141
1654683386.789118 -1.9225147 -2.5128298 4.0508208 -0.7122338 -0.2173070 0.1489862 0.6506176
1654683386.990326 -1.9594798 -2.5433910 4.0491238 -0.7113795 -0.2210667 0.1522006 0.6495405
1654683387.388683 -2.0197501 -2.5996013 4.0479250 -0.7087827 -0.2283393 0.1586610 0.6483165
1654683387.588592 -2.0521190 -2.6237686 4.0469360 -0.7082301 -0.2310808 0.1611838 0.6473261
1654683387.889338 -2.0920205 -2.6627123 4.0472293 -0.7065363 -0.2359458 0.1665982 0.6460497
1654683388.388384 -2.1850140 -2.7458129 4.0427279 -0.7035372 -0.2455426 0.1745513 0.6436420
1654683389.488738 -2.3479013 -2.8792722 4.0404496 -0.6970121 -0.2639044 0.1924809 0.6383406
1654683389.588607 -2.3645482 -2.8966694 4.0422611 -0.6965351 -0.2653484 0.1938557 0.6378468
1654683389.987955 -2.3949344 -2.9329312 4.0486956 -0.6950834 -0.2692992 0.1984941 0.6363458
1654683390.839802 -2.4635720 -3.0149183 4.0421395 -0.6913413 -0.2788508 0.2074362 0.6334496
1654683391.088662 -2.4790788 -3.0345955 4.0442786 -0.6902924 -0.2809691 0.2099748 0.6328206
1654683391.538948 -2.5167050 -3.0793240 4.0394797 -0.6883734 -0.2857444 0.2148585 0.6311314
1654683391.590035 -2.5219398 -3.0858746 4.0398922 -0.6881534 -0.2861351 0.2152635 0.6310560
1654683392.539658 -2.5826256 -3.1620955 4.0471120 -0.6849408 -0.2948407 0.2229371 0.6278719
1654683392.688852 -2.5926175 -3.1767993 4.0443807 -0.6841568 -0.2964058 0.2243469 0.6274869
1654683393.089724 -2.6230054 -3.2085519 4.0369740 -0.6821731 -0.3006290 0.2285399 0.6261230
1654683395.988437 -2.7786279 -3.4385424 4.0411291 -0.6718976 -0.3230062 0.2514980 0.6172252
1654683398.638588 -2.8038309 -3.5022495 4.0411196 -0.6690397 -0.3289112 0.2575595 0.6147060
1654683400.990920 -2.8068941 -3.5076799 4.0448818 -0.6685609 -0.3300774 0.2577453 0.6145244
1654683402.438643 -2.8089077 -3.5040083 4.0447059 -0.6686150 -0.3299610 0.2578543 0.6144829
1654683402.888354 -2.8082266 -3.5039651 4.0442486 -0.6686780 -0.3298032 0.2579852 0.6144440
1654683404.788963 -2.8167524 -3.4828618 3.8862975 -0.6685877 -0.3303017 0.2592827 0.6137286
1654683405.288403 -2.8260090 -3.4819808 3.8300130 -0.6684653 -0.3307004 0.2588298 0.6138384
1654683405.688193 -2.8313127 -3.4812405 3.7941091 -0.6684732 -0.3306377 0.2589642 0.6138073
1654683406.137165 -2.8263855 -3.4732161 3.7436464 -0.6677819 -0.3304761 0.2600479 0.6141882
1654683406.637015 -2.8265707 -3.4710164 3.6881247 -0.6678489 -0.3304115 0.2606283 0.6139042
1654683406.837524 -2.8286242 -3.4727306 3.6655271 -0.6674603 -0.3305956 0.2602643 0.6143821
1654683406.937148 -2.8304124 -3.4727468 3.6533189 -0.6672695 -0.3310536 0.2597736 0.6145503
1654683407.387914 -2.8316483 -3.4657831 3.6016672 -0.6671743 -0.3311402 0.2604994 0.6142995
1654683407.487756 -2.8335941 -3.4663103 3.5877085 -0.6670445 -0.3312285 0.2602784 0.6144868
1654683408.388872 -2.8470132 -3.4574661 3.4578314 -0.6669425 -0.3311839 0.2611840 0.6142368
1654683408.587026 -2.8479185 -3.4569862 3.4273427 -0.6665673 -0.3311688 0.2614818 0.6145259
1654683408.938290 -2.8488970 -3.4521217 3.3699543 -0.6660966 -0.3316931 0.2613444 0.6148119
1654683409.388164 -2.8491335 -3.4565697 3.2994494 -0.6657065 -0.3318806 0.2618521 0.6149172
1654683409.487523 -2.8481367 -3.4557769 3.2837539 -0.6655958 -0.3320096 0.2615804 0.6150827
1654683409.587654 -2.8462765 -3.4538159 3.2679865 -0.6656404 -0.3319702 0.2619233 0.6149098
1654683409.688845 -2.8431621 -3.4504158 3.2525249 -0.6655787 -0.3321168 0.2625924 0.6146120
1654683410.537924 -2.8502738 -3.4590394 3.1030335 -0.6648165 -0.3320906 0.2625554 0.6154660
1654683410.988946 -2.8481917 -3.4568195 3.0212097 -0.6643622 -0.3326557 0.2632248 0.6153658
1654683411.189613 -2.8466916 -3.4566116 2.9844747 -0.6641786 -0.3325959 0.2632862 0.6155699
1654683411.587851 -2.8436553 -3.4572656 2.9086001 -0.6637942 -0.3327985 0.2637848 0.6156617
1654683412.037808 -2.8389647 -3.4592474 2.8225214 -0.6635528 -0.3329543 0.2642705 0.6156293
1654683412.537018 -2.8330848 -3.4637544 2.7271721 -0.6633032 -0.3330571 0.2646869 0.6156641
1654683412.586955 -2.8324895 -3.4640675 2.7176371 -0.6631840 -0.3332887 0.2649320 0.6155618
1654683412.739170 -2.8296297 -3.4647868 2.6889522 -0.6631162 -0.3331653 0.2653958 0.6155015
1654683413.089478 -2.8251872 -3.4674671 2.6198266 -0.6626741 -0.3335333 0.2651838 0.6158695
1654683413.136932 -2.8251035 -3.4688959 2.6099422 -0.6626735 -0.3334856 0.2656471 0.6156966
1654683413.487781 -2.8173809 -3.4695497 2.5373776 -0.6620563 -0.3339384 0.2656826 0.6160998
1654683413.889234 -2.8094866 -3.4727321 2.4572213 -0.6618293 -0.3339548 0.2663423 0.6160499
1654683413.989502 -2.8072336 -3.4744053 2.4367762 -0.6615708 -0.3341012 0.2663411 0.6162485
1654683414.088010 -2.8047810 -3.4761090 2.4167984 -0.6614771 -0.3341805 0.2667307 0.6161376
1654683414.687884 -2.7905924 -3.4832215 2.2946708 -0.6609893 -0.3345825 0.2671303 0.6162699
1654683414.888636 -2.7824650 -3.4884179 2.2528772 -0.6608624 -0.3346233 0.2676501 0.6161579
1654683414.988691 -2.7792442 -3.4908025 2.2317865 -0.6606185 -0.3349198 0.2675882 0.6162853
1654683415.187670 -2.7721169 -3.4936094 2.1933606 -0.6605817 -0.3348652 0.2676447 0.6163298
1654683416.037858 -2.7462111 -3.5057390 2.0153677 -0.6599291 -0.3357043 0.2687707 0.6160827
1654683416.137862 -2.7419529 -3.5095758 1.9938121 -0.6599542 -0.3355627 0.2687212 0.6161543
1654683417.387323 -2.6912837 -3.5432241 1.7245153 -0.6593636 -0.3366522 0.2700583 0.6156077
1654683417.838088 -2.6669698 -3.5579042 1.6255367 -0.6589612 -0.3373308 0.2698873 0.6157421
1654683418.389598 -2.6438599 -3.5750587 1.5261056 -0.6589870 -0.3385126 0.2696162 0.6151844
1654683419.838076 -2.6396098 -3.5725660 1.5322707 -0.6581429 -0.3370193 0.2712643 0.6161826
1654683420.187636 -2.6434033 -3.5738142 1.5260005 -0.6585475 -0.3379884 0.2705987 0.6155115
1654683420.587978 -2.6377406 -3.5722322 1.5323533 -0.6583934 -0.3369490 0.2714574 0.6158684
1654683420.988061 -2.5993257 -3.5114768 1.5334792 -0.6613342 -0.3308581 0.2656114 0.6185627
1654683421.288292 -2.5735097 -3.4713290 1.5289972 -0.6637253 -0.3275928 0.2601834 0.6200448
1654683421.387016 -2.5653243 -3.4621329 1.5289996 -0.6642089 -0.3261860 0.2595059 0.6205526
1654683421.839149 -2.5212765 -3.3952241 1.5297458 -0.6670135 -0.3202950 0.2545658 0.6226557
1654683421.937899 -2.5060635 -3.3751421 1.5288672 -0.6679545 -0.3184966 0.2519825 0.6236192
1654683422.237205 -2.4609940 -3.3164444 1.5348158 -0.6704598 -0.3114155 0.2461252 0.6268380
1654683422.339093 -2.4496000 -3.3009539 1.5335486 -0.6714682 -0.3100742 0.2442016 0.6271761
1654683422.538611 -2.4308414 -3.2741680 1.5330791 -0.6730386 -0.3073970 0.2402637 0.6283303
1654683422.838185 -2.3948746 -3.2263143 1.5363383 -0.6747817 -0.3022075 0.2369215 0.6302445
1654683423.087748 -2.3562641 -3.1782703 1.5340233 -0.6775299 -0.2972427 0.2306843 0.6319686
1654683423.289348 -2.3248992 -3.1409984 1.5419608 -0.6794602 -0.2919946 0.2270768 0.6336471
1654683423.437579 -2.3055270 -3.1156480 1.5405228 -0.6803312 -0.2898999 0.2238020 0.6348381
1654683423.737858 -2.2676225 -3.0706697 1.5391880 -0.6825095 -0.2852914 0.2187502 0.6363471
1654683423.938600 -2.2357674 -3.0370009 1.5409255 -0.6837054 -0.2810099 0.2153350 0.6381305
1654683424.037589 -2.2204540 -3.0204098 1.5397341 -0.6847312 -0.2790627 0.2132630 0.6385806
1654683424.137553 -2.2052994 -3.0037107 1.5376780 -0.6856292 -0.2774515 0.2102886 0.6393053
1654683424.238249 -2.1892939 -2.9876091 1.5373178 -0.6864074 -0.2753514 0.2082617 0.6400411
1654683424.338826 -2.1729476 -2.9717205 1.5388281 -0.6870870 -0.2730394 0.2066009 0.6408404
1654683424.887366 -2.0831993 -2.8824098 1.5390301 -0.6909562 -0.2625762 0.1958512 0.6444184
1654683425.188993 -2.0332918 -2.8351600 1.5416713 -0.6929640 -0.2568012 0.1906373 0.6461506
1654683425.837452 -1.9288132 -2.7348876 1.5455911 -0.6978010 -0.2437643 0.1775939 0.6497017
1654683425.887917 -1.9200714 -2.7276554 1.5448842 -0.6982581 -0.2426187 0.1770691 0.6497828
1654683425.987714 -1.9017226 -2.7131238 1.5449482 -0.6988709 -0.2404702 0.1750445 0.6504710
1654683426.336910 -1.8401045 -2.6602833 1.5451312 -0.7008765 -0.2332145 0.1685248 0.6526731
1654683426.387182 -1.8316631 -2.6543596 1.5446858 -0.7013790 -0.2324010 0.1675183 0.6526823
1654683426.436906 -1.8234394 -2.6483352 1.5445677 -0.7016992 -0.2315531 0.1667746 0.6528301
1654683426.487230 -1.8147798 -2.6419013 1.5445361 -0.7019024 -0.2305392 0.1652691 0.6533529
1654683426.838599 -1.7512953 -2.5892687 1.5465630 -0.7038680 -0.2233146 0.1592425 0.6552417
1654683426.988214 -1.7247387 -2.5690508 1.5455428 -0.7048395 -0.2207627 0.1557472 0.6559018
1654683427.288042 -1.6701043 -2.5271611 1.5486188 -0.7064642 -0.2142497 0.1497230 0.6577141
1654683427.437045 -1.6424776 -2.5090861 1.5506595 -0.7073649 -0.2115273 0.1464877 0.6583555
1654683427.587669 -1.6143591 -2.4874346 1.5496095 -0.7083763 -0.2089372 0.1435625 0.6587391
1654683427.939952 -1.5480515 -2.4426277 1.5546156 -0.7100517 -0.2017583 0.1371182 0.6605441
1654683428.037279 -1.5302925 -2.4300642 1.5542933 -0.7106890 -0.1999971 0.1352837 0.6607723
1654683428.237763 -1.4880841 -2.4048214 1.5534722 -0.7117605 -0.1961933 0.1307645 0.6616687
1654683428.437810 -1.4446898 -2.3787949 1.5559856 -0.7126304 -0.1917742 0.1279108 0.6625850
1654683428.536734 -1.4279478 -2.3688538 1.5558276 -0.7131538 -0.1898147 0.1254365 0.6630591
1654683428.738022 -1.3849261 -2.3428979 1.5549812 -0.7142194 -0.1860042 0.1212173 0.6637763
1654683428.838014 -1.3637558 -2.3297377 1.5564835 -0.7147736 -0.1840303 0.1197772 0.6639912
1654683428.938025 -1.3427131 -2.3177249 1.5581778 -0.7150511 -0.1823321 0.1174947 0.6645688
1654683429.137889 -1.3006170 -2.2945151 1.5590192 -0.7159360 -0.1780730 0.1138204 0.6654096
1654683429.236940 -1.2828306 -2.2847552 1.5579875 -0.7165536 -0.1758548 0.1120273 0.6656387
1654683429.288017 -1.2733274 -2.2794366 1.5583534 -0.7167221 -0.1750653 0.1102833 0.6659570
1654683429.587259 -1.2116822 -2.2441189 1.5613241 -0.7180129 -0.1684730 0.1040842 0.6672632
1654683429.987628 -1.1275524 -2.1995091 1.5609965 -0.7198361 -0.1603476 0.0957794 0.6685432
1654683430.187669 -1.0827453 -2.1791520 1.5645581 -0.7205113 -0.1560647 0.0922521 0.6693245
1654683430.587348 -0.9958676 -2.1391797 1.5657599 -0.7222978 -0.1472310 0.0840142 0.6704839
1654683430.986756 -0.9083015 -2.1030192 1.5702028 -0.7240413 -0.1381042 0.0749165 0.6716233
1654683431.186932 -0.8601267 -2.0799437 1.5690869 -0.7244355 -0.1344727 0.0707885 0.6723824
1654683431.638006 -0.7599545 -2.0399110 1.5726366 -0.7260824 -0.1245822 0.0619518 0.6733822
1654683431.838932 -0.7129788 -2.0235989 1.5760226 -0.7265770 -0.1202932 0.0571771 0.6740512
1654683431.938792 -0.6895529 -2.0146830 1.5755154 -0.7267953 -0.1179680 0.0551881 0.6743920
1654683432.038654 -0.6667848 -2.0054209 1.5748765 -0.7271083 -0.1160262 0.0533493 0.6745392
1654683432.289292 -0.6116469 -1.9828082 1.5775502 -0.7279603 -0.1108653 0.0483284 0.6748673
1654683432.386870 -0.5894849 -1.9775904 1.5761231 -0.7279137 -0.1089018 0.0460788 0.6753938
1654683432.486955 -0.5712412 -1.9706428 1.5794483 -0.7282756 -0.1066480 0.0436288 0.6755263
1654683432.787744 -0.5132506 -1.9495013 1.5800579 -0.7290767 -0.1016838 0.0386823 0.6757292
1654683433.089554 -0.4668284 -1.9356117 1.5816132 -0.7293336 -0.0975268 0.0349872 0.6762657
1654683433.337445 -0.4391332 -1.9273257 1.5809040 -0.7297432 -0.0951015 0.0324881 0.6762947
1654683433.487891 -0.4185995 -1.9213153 1.5819761 -0.7297475 -0.0936820 0.0309182 0.6765613
1654683434.137386 -0.3264854 -1.8970422 1.5861530 -0.7305554 -0.0844360 0.0217814 0.6772621
1654683434.237647 -0.3140694 -1.8941516 1.5871825 -0.7306816 -0.0832746 0.0210748 0.6772913
1654683434.788334 -0.2528650 -1.8786724 1.5888066 -0.7311469 -0.0776593 0.0155513 0.6776061
1654683434.988974 -0.2394954 -1.8739380 1.5872010 -0.7312894 -0.0768084 0.0142749 0.6775776
1654683435.338128 -0.2444869 -1.8769886 1.5882708 -0.7310702 -0.0771016 0.0148735 0.6777676
1654683436.288129 -0.2368056 -1.8801305 1.5735420 -0.7312286 -0.0753228 0.0160420 0.6777701
1654683436.587982 -0.2485514 -1.8965797 1.4961616 -0.7333493 -0.0785535 0.0149768 0.6751312
1654683437.037124 -0.2315565 -1.9209569 1.4195908 -0.7328321 -0.0769631 0.0157662 0.6758583
1654683437.137754 -0.2286307 -1.9275619 1.3948332 -0.7332715 -0.0775853 0.0153528 0.6753190
1654683437.488664 -0.2248165 -1.9527988 1.3371680 -0.7322369 -0.0768319 0.0170219 0.6764868
1654683437.639720 -0.2291760 -1.9619195 1.3023050 -0.7330738 -0.0779238 0.0171076 0.6754524
1654683437.887104 -0.2242650 -1.9791690 1.2533649 -0.7331715 -0.0773793 0.0174105 0.6754008
1654683438.088372 -0.2117272 -1.9895377 1.2187269 -0.7329653 -0.0767506 0.0172597 0.6757012
1654683438.837101 -0.2108036 -2.0291984 1.1151955 -0.7345122 -0.0773592 0.0187089 0.6739106
1654683439.137937 -0.1997019 -2.0389521 1.0859194 -0.7346196 -0.0770465 0.0178066 0.6738534
1654683439.787911 -0.2007031 -2.0678363 1.0202324 -0.7356601 -0.0773638 0.0188120 0.6726540
1654683439.888393 -0.1970643 -2.0704739 1.0084668 -0.7359813 -0.0772461 0.0186829 0.6723198
1654683440.087395 -0.1915104 -2.0771081 0.9865239 -0.7364768 -0.0770804 0.0182301 0.6718081
1654683442.039123 -0.1767922 -2.1527672 0.8079997 -0.7404399 -0.0764127 0.0202511 0.6674561
1654683442.388017 -0.1748372 -2.1606245 0.7907214 -0.7408125 -0.0771571 0.0198466 0.6669691
1654683444.337240 -0.1664184 -2.1924665 0.7204635 -0.7419702 -0.0763179 0.0203162 0.6657633
1654683445.287981 -0.1699366 -2.1843448 0.7047685 -0.7436727 -0.0772995 0.0196060 0.6637685
1654683445.639062 -0.1691609 -2.1669588 0.7088223 -0.7419629 -0.0757859 0.0207782 0.6658180
1654683447.937776 -0.2112696 -1.8100736 0.5242544 -0.7438398 -0.0743954 0.0215728 0.6638522
1654683448.187541 -0.2176479 -1.7742701 0.4918998 -0.7448616 -0.0756102 0.0212024 0.6625798
1654683449.087977 -0.2389523 -1.6156830 0.4112618 -0.7455363 -0.0746655 0.0219430 0.6619044
1654683451.337121 -0.2930700 -1.2338420 0.2077137 -0.7473699 -0.0750275 0.0225264 0.6597722
1654683451.537854 -0.2995948 -1.2033203 0.1808054 -0.7481559 -0.0757490 0.0218614 0.6588208
1654683451.837175 -0.3042519 -1.1528213 0.1587175 -0.7480323 -0.0750633 0.0222404 0.6590274
1654683452.038050 -0.3094770 -1.1197906 0.1409278 -0.7478565 -0.0751992 0.0222498 0.6592107
1654683452.486802 -0.3232183 -1.0503622 0.0920883 -0.7485074 -0.0766012 0.0222009 0.6583118
1654683452.838631 -0.3345755 -0.9957111 0.0648294 -0.7490620 -0.0755650 0.0223565 0.6577958
1654683453.288083 -0.3372962 -0.9198526 0.0249999 -0.7495060 -0.0753436 0.0223222 0.6573163
1654683453.488160 -0.3446227 -0.8901880 0.0077130 -0.7494438 -0.0749518 0.0222103 0.6574358
1654683453.788128 -0.3524663 -0.8528237 -0.0263685 -0.7504199 -0.0753424 0.0219955 0.6562840
1654683454.087348 -0.3533252 -0.8079083 -0.0419484 -0.7500265 -0.0738908 0.0224015 0.6568846
1654683454.489033 -0.3592030 -0.7533945 -0.0844055 -0.7510450 -0.0743692 0.0217525 0.6556877
1654683454.887768 -0.3715180 -0.7093450 -0.1031567 -0.7506376 -0.0743646 0.0223595 0.6561345
1654683455.039304 -0.3761208 -0.6944273 -0.1144961 -0.7507133 -0.0749233 0.0222327 0.6559882
1654683455.437722 -0.3793635 -0.6598027 -0.1465283 -0.7512317 -0.0759871 0.0212980 0.6553035
1654683455.887300 -0.3804474 -0.6413341 -0.1495841 -0.7512216 -0.0749887 0.0216683 0.6554179
1654683456.387003 -0.3816419 -0.6408319 -0.1474166 -0.7512296 -0.0750251 0.0219794 0.6553942
1654683456.837131 -0.3809794 -0.6432673 -0.1510638 -0.7512819 -0.0750115 0.0215724 0.6553495
1654683457.187712 -0.3809579 -0.6420298 -0.1494928 -0.7509882 -0.0756246 0.0220738 0.6555988
1654683457.337719 -0.3823578 -0.6428998 -0.1509580 -0.7511120 -0.0753560 0.0218336 0.6554961
1654683457.836437 -0.3804554 -0.6424115 -0.1497356 -0.7510167 -0.0751778 0.0215594 0.6556348
1654683458.237180 -0.3806152 -0.6415197 -0.1498616 -0.7512509 -0.0755136 0.0223006 0.6553031
1654683458.587927 -0.3808433 -0.6413165 -0.1497116 -0.7511047 -0.0755692 0.0219381 0.6554767
1654683458.737471 -0.3808778 -0.6406671 -0.1498268 -0.7512791 -0.0750600 0.0219442 0.6553350
