1654686087.695364 0.0770988 -0.3015272 0.0062676 -0.7435914 -0.0595615 0.0094984 0.6659084
1654686088.744307 0.1383891 -0.2911211 0.0068555 -0.7440667 -0.0539386 0.0043402 0.6659104
1654686089.295974 0.1971275 -0.2804158 0.0076436 -0.7442490 -0.0486720 -0.0005291 0.6661239
1654686092.145268 0.4729359 -0.2487877 0.0123765 -0.7451543 -0.0233955 -0.0241543 0.6660410
1654686093.247784 0.5828274 -0.2420278 0.0147934 -0.7452229 -0.0132157 -0.0337063 0.6658292
1654686094.445608 0.6097088 -0.2419574 0.0157172 -0.7451876 -0.0105200 -0.0355920 0.6658182
1654686095.245086 0.5883023 -0.2408217 0.0140040 -0.7452040 -0.0131736 -0.0354436 0.6657605
1654686098.194733 0.2927451 -0.2670600 0.0079815 -0.7447657 -0.0397054 -0.0093254 0.6660761
1654686100.826144 0.2848928 -0.3063018 0.0323841 -0.7445927 -0.0408885 -0.0093477 0.6661969
1654686101.695031 0.2858145 -0.3718723 0.0675103 -0.7439638 -0.0420524 -0.0086680 0.6668368
1654686104.645672 0.2949935 -0.5772317 0.1850878 -0.7428454 -0.0408359 -0.0074097 0.6681727
1654686107.394565 0.5015329 -0.5537720 0.1884950 -0.7435765 -0.0203131 -0.0271606 0.6677877
1654686108.494654 0.6146487 -0.5493668 0.1903127 -0.7435852 -0.0095960 -0.0378697 0.6674974
1654686108.795009 0.6425231 -0.5465491 0.1906517 -0.7434716 -0.0069346 -0.0407496 0.6674873
1654686110.094753 0.6023059 -0.5465174 0.1892558 -0.7437028 -0.0109607 -0.0381296 0.6673307
1654686110.494655 0.5130559 -0.5549190 0.1880155 -0.7437701 -0.0186606 -0.0275429 0.6676062
1654686110.945082 0.4733427 -0.5573210 0.1871346 -0.7435184 -0.0232817 -0.0242796 0.6678666
1654686113.826960 0.2889919 -0.5773091 0.1834279 -0.7430490 -0.0412525 -0.0071436 0.6679239
1654686115.295926 0.2851377 -0.6523271 0.2254582 -0.7426790 -0.0424180 -0.0067600 0.6682664
1654686118.096650 0.3024400 -0.9504285 0.3912899 -0.7411329 -0.0418507 -0.0060281 0.6700242
1654686120.276818 0.3150892 -1.1879429 0.5197654 -0.7400699 -0.0424441 -0.0062057 0.6711596
1654686122.696230 0.3229018 -1.3825363 0.6246284 -0.7394349 -0.0426475 -0.0065475 0.6718435
1654686123.045293 0.3227196 -1.3830140 0.6246489 -0.7390554 -0.0428283 -0.0059390 0.6722555
1654686123.544323 0.3237323 -1.3816230 0.6247124 -0.7392487 -0.0425087 -0.0059531 0.6720631
1654686124.795407 0.3109322 -1.3231802 0.8189388 -0.7304878 -0.0437643 -0.0064143 0.6814914
1654686125.144940 0.3064435 -1.2941210 0.9071845 -0.7282243 -0.0426305 -0.0066388 0.6839791
1654686125.244942 0.3040684 -1.2853554 0.9268138 -0.7283369 -0.0431116 -0.0070217 0.6838252
1654686125.645651 0.2998848 -1.2524923 1.0219090 -0.7273522 -0.0421136 -0.0074126 0.6849305
1654686126.045744 0.2930859 -1.2211592 1.1070158 -0.7273650 -0.0430772 -0.0085888 0.6848434
1654686126.344603 0.2902867 -1.2000501 1.1768818 -0.7268512 -0.0424757 -0.0087306 0.6854241
1654686126.594397 0.2863521 -1.1835614 1.2287979 -0.7271106 -0.0429636 -0.0095651 0.6851075
1654686126.694885 0.2850564 -1.1771159 1.2492689 -0.7269752 -0.0427283 -0.0096514 0.6852647
1654686126.995252 0.2820310 -1.1583154 1.3150028 -0.7268896 -0.0425512 -0.0102109 0.6853580
1654686127.146566 0.2809600 -1.1488186 1.3446338 -0.7269414 -0.0425407 -0.0104039 0.6853005
1654686127.245124 0.2802439 -1.1430622 1.3645124 -0.7270117 -0.0428423 -0.0107904 0.6852009
1654686127.646447 0.2755283 -1.1198620 1.4469327 -0.7268485 -0.0421651 -0.0109498 0.6854136
1654686127.994999 0.2724552 -1.1029087 1.5173329 -0.7271789 -0.0420120 -0.0113571 0.6850656
1654686128.945032 0.2630132 -1.0612413 1.7035410 -0.7274046 -0.0416765 -0.0129779 0.6848182
1654686129.296833 0.2592407 -1.0488173 1.7719088 -0.7278033 -0.0415413 -0.0135386 0.6843917
1654686129.396004 0.2587331 -1.0452964 1.7922629 -0.7279060 -0.0416239 -0.0139643 0.6842686
1654686131.845938 0.2402668 -0.9908066 2.2608211 -0.7306215 -0.0403241 -0.0176093 0.6813623
1654686133.344798 0.2318781 -0.9879061 2.5354071 -0.7321497 -0.0393291 -0.0197175 0.6797203
1654686133.444828 0.2310506 -0.9887708 2.5527287 -0.7322212 -0.0393243 -0.0197416 0.6796427
1654686133.626563 0.2301650 -0.9902357 2.5821629 -0.7325401 -0.0391889 -0.0200024 0.6792994
1654686136.545066 0.2252848 -1.0098486 2.8841166 -0.7350470 -0.0371107 -0.0210061 0.6766725
1654686139.346246 0.3857130 -0.9867880 2.8795025 -0.7363819 -0.0191337 -0.0406251 0.6750733
1654686140.195986 0.4827116 -0.9782032 2.8864436 -0.7356094 -0.0078207 -0.0499934 0.6755118
1654686142.498884 0.8210398 -0.9751704 2.8945520 -0.7341228 0.0312115 -0.0870233 0.6726918
1654686142.995989 0.9051570 -0.9777150 2.8953459 -0.7335902 0.0407681 -0.0964177 0.6714801
1654686143.196075 0.9387587 -0.9809318 2.8969476 -0.7331324 0.0446887 -0.0998864 0.6712230
1654686144.894790 1.2663201 -1.0173793 2.9045973 -0.7287974 0.0826969 -0.1352239 0.6661288
1654686145.044916 1.2957647 -1.0211765 2.9039280 -0.7285009 0.0860529 -0.1383591 0.6653840
1654686145.445445 1.3714519 -1.0360153 2.9066329 -0.7270350 0.0948279 -0.1463584 0.6640819
1654686146.045162 1.4864521 -1.0602599 2.9092047 -0.7247297 0.1080572 -0.1590788 0.6616508
1654686146.794425 1.6249962 -1.0967705 2.9119251 -0.7217973 0.1243524 -0.1743379 0.6581407
1654686146.944722 1.6525174 -1.1049435 2.9119191 -0.7212048 0.1275337 -0.1775732 0.6573161
1654686147.276611 1.7114187 -1.1236326 2.9150636 -0.7195632 0.1343747 -0.1836017 0.6560950
1654686147.744301 1.7994494 -1.1543821 2.9171991 -0.7172063 0.1450458 -0.1936512 0.6535088
1654686148.046516 1.8532385 -1.1733803 2.9178119 -0.7157958 0.1514381 -0.2001392 0.6516486
1654686148.344827 1.9069470 -1.1964091 2.9205346 -0.7139513 0.1581350 -0.2060161 0.6502476
1654686149.444616 2.1004913 -1.2808291 2.9264576 -0.7076355 0.1819709 -0.2276403 0.6436740
1654686150.796124 2.3255944 -1.3940252 2.9395809 -0.6986275 0.2118840 -0.2538603 0.6344900
1654686151.295106 2.4075303 -1.4451090 2.9408035 -0.6948964 0.2225863 -0.2636427 0.6309240
1654686152.094920 2.5398655 -1.5284268 2.9475493 -0.6887810 0.2405062 -0.2784240 0.6246724
1654686152.395991 2.5910385 -1.5579734 2.9545913 -0.6863432 0.2475415 -0.2834687 0.6223341
1654686154.295607 2.8747602 -1.7854776 2.9644430 -0.6699275 0.2875547 -0.3178868 0.6061814
1654686154.795132 2.9444923 -1.8540089 2.9667869 -0.6653450 0.2976756 -0.3269038 0.6015292
1654686155.444836 3.0262861 -1.9469199 2.9680431 -0.6588514 0.3108986 -0.3385375 0.5955234
1654686155.595809 3.0464344 -1.9699621 2.9685464 -0.6574892 0.3136815 -0.3412955 0.5939934
1654686155.696279 3.0600476 -1.9849132 2.9687662 -0.6565181 0.3155084 -0.3432490 0.5929734
1654686155.795164 3.0729337 -1.9995086 2.9692395 -0.6555252 0.3174782 -0.3451546 0.5919135
1654686155.994909 3.0981507 -2.0287528 2.9700549 -0.6535010 0.3214905 -0.3481656 0.5902197
1654686156.194998 3.1242647 -2.0570478 2.9702682 -0.6515320 0.3252139 -0.3519304 0.5881205
1654686156.394984 3.1491752 -2.0860252 2.9710703 -0.6493473 0.3294389 -0.3550045 0.5863348
1654686156.594797 3.1737499 -2.1171982 2.9722106 -0.6473632 0.3332680 -0.3588913 0.5839940
1654686156.921692 3.2116942 -2.1654186 2.9729726 -0.6443477 0.3387277 -0.3639233 0.5810660
1654686157.045850 3.2275567 -2.1869955 2.9734390 -0.6426245 0.3419138 -0.3664405 0.5795245
1654686157.345219 3.2613766 -2.2345903 2.9740822 -0.6393840 0.3476369 -0.3717078 0.5763407
1654686157.445158 3.2725358 -2.2503877 2.9743650 -0.6383070 0.3495182 -0.3734024 0.5753006
1654686157.545851 3.2834976 -2.2661595 2.9751451 -0.6372854 0.3512894 -0.3753923 0.5740578
1654686157.646181 3.2948127 -2.2817626 2.9758301 -0.6362290 0.3531853 -0.3769962 0.5730141
1654686157.995399 3.3357692 -2.3393264 2.9768412 -0.6322861 0.3600255 -0.3826698 0.5693489
1654686158.345401 3.3747003 -2.3967733 2.9786634 -0.6283461 0.3666124 -0.3889402 0.5652438
1654686158.445441 3.3856745 -2.4124906 2.9790177 -0.6270911 0.3687026 -0.3905347 0.5641771
1654686158.545345 3.3951235 -2.4280307 2.9794719 -0.6258697 0.3707433 -0.3920005 0.5631789
1654686158.678822 3.4070649 -2.4462981 2.9799702 -0.6248584 0.3724336 -0.3934141 0.5622001
1654686158.995360 3.4408593 -2.5039520 2.9818890 -0.6207086 0.3791686 -0.3997065 0.5578398
1654686159.095245 3.4521885 -2.5212345 2.9825010 -0.6194451 0.3812888 -0.4011090 0.5567917
1654686159.194679 3.4627306 -2.5388322 2.9830432 -0.6182113 0.3833914 -0.4025588 0.5556715
1654686159.495241 3.4914608 -2.5911417 2.9854722 -0.6146273 0.3891939 -0.4074335 0.5520489
1654686159.644737 3.5054584 -2.6178586 2.9855547 -0.6129406 0.3917390 -0.4100996 0.5501465
1654686159.745001 3.5153801 -2.6366446 2.9852574 -0.6117881 0.3934093 -0.4114383 0.5492373
1654686160.045053 3.5428951 -2.6898186 2.9872501 -0.6082246 0.3988820 -0.4162757 0.5455908
1654686160.195029 3.5565248 -2.7163315 2.9877708 -0.6062785 0.4018096 -0.4187676 0.5436980
1654686160.444874 3.5799022 -2.7640431 2.9879971 -0.6029785 0.4065374 -0.4226859 0.5408138
1654686160.644638 3.5965176 -2.7993803 2.9886498 -0.6001833 0.4106171 -0.4257644 0.5384208
1654686160.744275 3.6045280 -2.8176610 2.9881005 -0.5988351 0.4122720 -0.4276383 0.5371707
1654686160.845971 3.6128073 -2.8352106 2.9885256 -0.5976452 0.4140770 -0.4293347 0.5357527
1654686160.994803 3.6249552 -2.8624334 2.9884653 -0.5957485 0.4166234 -0.4316159 0.5340552
1654686161.094676 3.6327345 -2.8809683 2.9884348 -0.5944350 0.4183951 -0.4331403 0.5328982
1654686161.495126 3.6643853 -2.9577777 2.9905586 -0.5892791 0.4258140 -0.4393469 0.5276413
1654686161.645131 3.6759243 -2.9881306 2.9909823 -0.5874134 0.4282496 -0.4415908 0.5258741
1654686161.794931 3.6862059 -3.0159819 2.9911807 -0.5852261 0.4311475 -0.4438753 0.5240185
1654686162.344847 3.7237673 -3.1188478 2.9923019 -0.5775965 0.4411590 -0.4520993 0.5170740
1654686162.694988 3.7467389 -3.1868401 2.9934847 -0.5729047 0.4472645 -0.4574332 0.5123355
1654686162.844966 3.7553508 -3.2158575 2.9938521 -0.5708463 0.4498560 -0.4596809 0.5103487
1654686163.144918 3.7717338 -3.2719922 2.9936600 -0.5666579 0.4548805 -0.4641337 0.5065183
1654686163.294924 3.7791538 -3.3009813 2.9939599 -0.5645313 0.4575990 -0.4660469 0.5046842
1654686163.795599 3.8058631 -3.4000866 2.9953070 0.5572863 -0.4663682 0.4737678 -0.4974697
1654686164.194156 3.8250892 -3.4795027 2.9961886 0.5513771 -0.4732521 0.4795978 -0.4919366
1654686164.295409 3.8299453 -3.4996564 2.9960616 0.5500239 -0.4747871 0.4808811 -0.4907179
1654686164.445242 3.8363032 -3.5293336 2.9966691 0.5479690 -0.4772304 0.4830731 -0.4884887
1654686165.031571 3.8584239 -3.6405144 2.9983888 0.5398698 -0.4863854 0.4908493 -0.4806623
1654686165.295575 3.8670313 -3.6975682 2.9993751 0.5349583 -0.4918114 0.4948741 -0.4764879
1654686165.444323 3.8711762 -3.7283409 2.9989989 0.5329702 -0.4939438 0.4970709 -0.4742171
1654686166.794932 3.9027836 -4.0023537 3.0031583 -0.5126328 0.5153447 -0.5152130 0.4540722
1654686167.694921 3.9063601 -4.1914606 3.0025299 -0.4984715 0.5288085 -0.5268999 0.4407533
1654686167.945165 3.9060061 -4.2426963 3.0037584 -0.4944746 0.5327168 -0.5300973 0.4366968
1654686168.744889 3.9025638 -4.4001608 3.0034330 -0.4813825 0.5444872 -0.5403314 0.4240828
1654686169.144677 3.8994727 -4.4813271 3.0052156 -0.4749313 0.5503926 -0.5450389 0.4176595
1654686170.744581 3.8598037 -4.8103614 3.0054033 -0.4472934 0.5730284 -0.5642320 0.3914180
1654686170.844325 3.8572211 -4.8299217 3.0064864 -0.4458677 0.5742990 -0.5653842 0.3895144
1654686171.325744 3.8401821 -4.9185085 3.0059509 -0.4380463 0.5801900 -0.5704637 0.3821835
1654686171.444903 3.8339376 -4.9455376 3.0049820 -0.4352949 0.5822333 -0.5721552 0.3796835
1654686172.344465 3.7888429 -5.1242638 3.0047445 -0.4191185 0.5939367 -0.5820441 0.3644199
1654686173.445379 3.7224479 -5.3319969 3.0067182 -0.3996212 0.6074387 -0.5933686 0.3453014
1654686173.593994 3.7143307 -5.3594446 3.0065613 -0.3970788 0.6091211 -0.5948665 0.3426837
1654686175.845670 3.5160198 -5.7630196 3.0140624 -0.3558077 0.6345104 -0.6156606 0.3029155
1654686178.676043 3.1898410 -6.2280002 3.0203402 -0.3030090 0.6619071 -0.6376069 0.2520324
1654686179.945634 3.0088353 -6.4295254 3.0247006 -0.2778816 0.6730921 -0.6462407 0.2282541
1654686181.694517 2.7406285 -6.6868930 3.0275333 -0.2434844 0.6866401 -0.6565742 0.1953173
1654686184.344501 2.3314943 -7.0133848 3.0271335 -0.1955939 0.7021028 -0.6683086 0.1488507
1654686187.144496 2.3291643 -7.0480509 3.0283885 -0.1936819 0.7027224 -0.6686792 0.1467488
1654686189.894395 2.3363643 -7.0645018 3.0610495 -0.1934083 0.7020763 -0.6695169 0.1463798
1654686192.494771 2.3248477 -7.0474691 3.2100310 -0.1928303 0.7036051 -0.6683735 0.1450242
1654686195.444987 2.3240120 -7.0444379 3.2353065 -0.1931464 0.7045813 -0.6673545 0.1445557
1654686196.743812 2.4944115 -6.9185200 3.2358437 -0.2123452 0.6991400 -0.6627809 0.1638064
1654686196.926272 2.5210698 -6.8994398 3.2346497 -0.2156456 0.6978769 -0.6624869 0.1660553
1654686197.593685 2.6219511 -6.8203917 3.2336392 -0.2274357 0.6940919 -0.6594961 0.1776880
1654686200.046244 2.9628701 -6.5030365 3.2290566 -0.2702367 0.6781394 -0.6477418 0.2180093
1654686200.977901 3.0795417 -6.3812017 3.2251580 -0.2858418 0.6716013 -0.6426640 0.2328694
1654686201.544251 3.1515050 -6.2996707 3.2224970 -0.2957908 0.6670524 -0.6393210 0.2425211
1654686202.344976 3.2435009 -6.1884966 3.2201006 -0.3088672 0.6609201 -0.6344799 0.2553824
1654686203.344661 3.3487480 -6.0484877 3.2165639 -0.3254350 0.6528124 -0.6282351 0.2706424
1654686204.347625 3.4504111 -5.9073982 3.2113397 -0.3412926 0.6443940 -0.6215727 0.2862206
1654686204.844707 3.4968290 -5.8345876 3.2090671 -0.3493765 0.6399477 -0.6180984 0.2938643
1654686206.244808 3.6164103 -5.6269045 3.2022502 -0.3713720 0.6271790 -0.6078115 0.3151093
1654686206.695121 3.6486731 -5.5567503 3.2004290 -0.3784049 0.6228695 -0.6042250 0.3221079
1654686207.144146 3.6816950 -5.4884872 3.1986668 -0.3852160 0.6185687 -0.6008021 0.3286584
1654686207.994826 3.7384861 -5.3545594 3.1956682 -0.3983919 0.6100976 -0.5937453 0.3413647
1654686208.744300 3.7761974 -5.2335372 3.1941040 -0.4094029 0.6025962 -0.5874903 0.3523079
1654686208.995095 3.7906528 -5.1927662 3.1939576 -0.4131794 0.6000235 -0.5853726 0.3557985
1654686209.296313 3.8051085 -5.1440368 3.1923239 -0.4177874 0.5967590 -0.5827525 0.3601817
1654686209.594213 3.8167403 -5.0942578 3.1913903 -0.4224058 0.5934433 -0.5800377 0.3646278
1654686209.894355 3.8302794 -5.0457363 3.1909988 -0.4268623 0.5902173 -0.5773315 0.3689434
1654686210.094758 3.8397992 -5.0124235 3.1917822 -0.4297600 0.5881175 -0.5756696 0.3715211
1654686210.476356 3.8523791 -4.9546719 3.1921248 -0.4350060 0.5843123 -0.5724704 0.3763325
1654686211.245147 3.8819208 -4.8212028 3.1907427 -0.4462056 0.5756808 -0.5649757 0.3876773
1654686211.844890 3.8978081 -4.7223873 3.1909022 -0.4545453 0.5690868 -0.5593565 0.3957879
1654686212.244017 3.9054124 -4.6534901 3.1910651 -0.4602723 0.5644737 -0.5553550 0.4013720
1654686212.994856 3.9185629 -4.5272756 3.1931548 -0.4709986 0.5557505 -0.5479462 0.4111644
1654686213.195226 3.9207182 -4.4946222 3.1936998 -0.4739920 0.5532827 -0.5458456 0.4138378
1654686213.494607 3.9241807 -4.4434752 3.1923425 -0.4781070 0.5495276 -0.5428181 0.4180682
1654686213.995653 3.9259703 -4.3558841 3.1914389 -0.4847538 0.5435203 -0.5377116 0.4248115
1654686214.695732 3.9275866 -4.2406054 3.1914077 -0.4947579 0.5345569 -0.5301970 0.4339976
1654686215.094636 3.9274685 -4.1688638 3.1915493 -0.5000393 0.5296529 -0.5258975 0.4391580
1654686215.376328 3.9257772 -4.1242986 3.1904390 -0.5030479 0.5266216 -0.5233487 0.4423997
1654686215.677898 3.9235327 -4.0721760 3.1902630 -0.5070505 0.5228318 -0.5202026 0.4460213
1654686215.845503 3.9226270 -4.0410852 3.1906404 -0.5099231 0.5201041 -0.5178491 0.4486661
1654686216.044302 3.9219229 -4.0079336 3.1907039 -0.5125910 0.5175649 -0.5155413 0.4512133
1654686216.644671 3.9162095 -3.9066520 3.1908112 0.5201715 -0.5100214 0.5084771 -0.4590756
1654686216.844566 3.9134538 -3.8728788 3.1900246 0.5228751 -0.5071329 0.5064322 -0.4614580
1654686217.274914 3.9047015 -3.8044691 3.1899261 0.5279570 -0.5018606 0.5019658 -0.4662916
1654686217.625446 3.8989067 -3.7472789 3.1907814 0.5325234 -0.4971683 0.4975038 -0.4708848
1654686217.925248 3.8924773 -3.6929185 3.1903834 0.5363405 -0.4930933 0.4940720 -0.4744367
1654686218.346414 3.8800745 -3.6173315 3.1911786 0.5421153 -0.4868518 0.4887155 -0.4798362
1654686218.794945 3.8649426 -3.5396578 3.1905611 0.5478673 -0.4803414 0.4835425 -0.4850765
1654686218.994905 3.8573816 -3.5059867 3.1905193 0.5504021 -0.4774792 0.4811723 -0.4873846
1654686219.197041 3.8484955 -3.4732630 3.1891286 0.5531151 -0.4741762 0.4787173 -0.4899478
1654686219.495800 3.8350470 -3.4213154 3.1882100 0.5568416 -0.4697601 0.4750404 -0.4935478
1654686219.945490 3.8157387 -3.3427517 3.1877766 0.5626066 -0.4629738 0.4693207 -0.4988656
1654686220.195225 3.8023372 -3.2987041 3.1869907 -0.5657796 0.4590728 -0.4659625 0.5020193
1654686220.395115 3.7914033 -3.2638774 3.1866324 -0.5682709 0.4559586 -0.4633554 0.5044507
1654686220.594965 3.7813075 -3.2284873 3.1865244 -0.5708442 0.4528782 -0.4609429 0.5065258
1654686220.944487 3.7628548 -3.1686034 3.1851261 -0.5751049 0.4473944 -0.4562245 0.5108329
1654686221.445171 3.7338357 -3.0852935 3.1846471 -0.5812089 0.4396371 -0.4495373 0.5165562
1654686221.694893 3.7172585 -3.0417037 3.1848300 -0.5841474 0.4359175 -0.4463804 0.5191251
1654686221.894907 3.7041769 -3.0072703 3.1829357 -0.5864919 0.4324787 -0.4435583 0.5217702
1654686222.294701 3.6783118 -2.9396281 3.1817868 -0.5914237 0.4257086 -0.4380770 0.5263814
1654686222.594762 3.6572113 -2.8895440 3.1805043 -0.5950565 0.4205440 -0.4339525 0.5298433
1654686222.794636 3.6423206 -2.8548398 3.1800935 -0.5973842 0.4173884 -0.4310760 0.5320631
1654686222.995094 3.6263027 -2.8195162 3.1791229 -0.5995524 0.4141685 -0.4287058 0.5340516
1654686223.444300 3.5895355 -2.7421899 3.1757371 -0.6046708 0.4062748 -0.4222646 0.5394484
1654686223.844499 3.5561156 -2.6741579 3.1742675 -0.6090972 0.3997922 -0.4168074 0.5435413
1654686224.044743 3.5395319 -2.6423268 3.1737683 -0.6112770 0.3964467 -0.4138057 0.5458337
1654686224.244483 3.5209808 -2.6082115 3.1728106 -0.6137502 0.3927045 -0.4104863 0.5482643
1654686224.394565 3.5055144 -2.5798094 3.1715202 -0.6158737 0.3893356 -0.4077841 0.5502980
1654686224.595009 3.4820557 -2.5397222 3.1698935 -0.6184853 0.3848841 -0.4043896 0.5529989
1654686224.744191 3.4643788 -2.5097792 3.1697316 -0.6203673 0.3820752 -0.4015865 0.5548782
1654686225.147514 3.4199424 -2.4347539 3.1679502 -0.6255630 0.3736573 -0.3945757 0.5597851
1654686225.498976 3.3852615 -2.3771236 3.1656601 -0.6297034 0.3668894 -0.3886209 0.5637716
1654686225.724464 3.3604760 -2.3422976 3.1656497 -0.6318724 0.3633489 -0.3850977 0.5660506
1654686225.893830 3.3393726 -2.3122225 3.1645420 -0.6344460 0.3589108 -0.3818323 0.5682113
1654686226.094746 3.3146560 -2.2772684 3.1620417 -0.6365737 0.3549281 -0.3781303 0.5708029
1654686226.244787 3.2962914 -2.2515957 3.1620433 -0.6386413 0.3515504 -0.3752476 0.5724832
1654686226.444740 3.2726731 -2.2178366 3.1615796 -0.6410495 0.3472948 -0.3714986 0.5748292
1654686227.075822 3.1914320 -2.1137824 3.1582711 -0.6478351 0.3349071 -0.3601412 0.5817584
1654686227.293911 3.1589246 -2.0729406 3.1569419 -0.6505864 0.3296525 -0.3555119 0.5845308
1654686227.493712 3.1308007 -2.0407295 3.1559799 -0.6528436 0.3252764 -0.3520298 0.5865694
1654686227.694267 3.1030667 -2.0102601 3.1550486 -0.6549504 0.3212632 -0.3479848 0.5888417
1654686227.881848 3.0801592 -1.9856925 3.1538496 -0.6562274 0.3185897 -0.3455690 0.5902944
1654686228.094733 3.0476847 -1.9485447 3.1525908 -0.6587120 0.3135351 -0.3410219 0.5928708
1654686228.494832 2.9914389 -1.8876799 3.1515114 -0.6628771 0.3052167 -0.3336610 0.5967449
1654686228.694860 2.9629822 -1.8574901 3.1509995 -0.6649134 0.3010117 -0.3298556 0.5987278
1654686228.944609 2.9246266 -1.8206623 3.1491024 -0.6674759 0.2955542 -0.3250023 0.6012442
1654686229.095643 2.9017429 -1.7974691 3.1486688 -0.6690198 0.2920904 -0.3222069 0.6027247
1654686229.294820 2.8708394 -1.7687569 3.1468849 -0.6709350 0.2876315 -0.3182540 0.6048368
1654686229.645837 2.8146067 -1.7195892 3.1442945 -0.6744554 0.2793736 -0.3119181 0.6080830
1654686229.844030 2.7855742 -1.6922408 3.1434143 -0.6763059 0.2752517 -0.3078389 0.6099833
1654686230.143672 2.7388659 -1.6533245 3.1406350 -0.6791286 0.2682084 -0.3025926 0.6126051
1654686230.294207 2.7165251 -1.6345321 3.1394825 -0.6805219 0.2647010 -0.2997253 0.6139917
1654686230.675372 2.6532664 -1.5903608 3.1374133 -0.6835483 0.2572892 -0.2927571 0.6171346
1654686231.046644 2.5823958 -1.5421234 3.1334674 -0.6871715 0.2476359 -0.2851753 0.6206005
1654686231.244448 2.5510564 -1.5190537 3.1324139 -0.6888502 0.2431285 -0.2814525 0.6222185
1654686231.544277 2.5005469 -1.4890287 3.1299336 -0.6913568 0.2361553 -0.2758994 0.6246075
1654686232.244881 2.3723860 -1.4056696 3.1244428 -0.6971614 0.2197863 -0.2617459 0.6301964
1654686232.594831 2.3107927 -1.3729385 3.1237423 -0.6996305 0.2123481 -0.2553130 0.6326442
1654686232.894702 2.2623301 -1.3421084 3.1212718 -0.7018409 0.2058146 -0.2489343 0.6348935
1654686233.294714 2.1852984 -1.3009776 3.1190236 -0.7047901 0.1964860 -0.2404761 0.6378348
1654686233.644681 2.1269693 -1.2644024 3.1182606 -0.7072390 0.1885552 -0.2334801 0.6401133
1654686234.345958 2.0185382 -1.2131523 3.1054599 -0.7116501 0.1718326 -0.2185980 0.6451669
1654686235.443380 1.8104455 -1.1338854 3.0978491 -0.7179406 0.1470625 -0.1956195 0.6516637
1654686236.294837 1.6486394 -1.0805707 3.0927329 -0.7221329 0.1281863 -0.1780513 0.6560401
1654686236.744779 1.5553261 -1.0537248 3.0906117 -0.7243121 0.1173742 -0.1680342 0.6582996
1654686236.945975 1.5150368 -1.0420123 3.0893629 -0.7252056 0.1124505 -0.1635528 0.6593027
1654686237.395301 1.4311414 -1.0231694 3.0874534 -0.7268962 0.1028854 -0.1545409 0.6611749
1654686238.043557 1.2983935 -0.9949987 3.0841153 -0.7293904 0.0873229 -0.1401828 0.6638607
1654686238.425767 1.2328187 -0.9845499 3.0831599 -0.7304763 0.0799629 -0.1330554 0.6650600
1654686238.894720 1.1291227 -0.9703974 3.0806353 -0.7320033 0.0680518 -0.1219970 0.6668245
1654686239.145011 1.0767426 -0.9643744 3.0784478 -0.7326745 0.0618316 -0.1167374 0.6676350
1654686239.494195 1.0131940 -0.9582675 3.0775115 -0.7334798 0.0546362 -0.1097826 0.6685574
1654686240.094723 0.8899905 -0.9509755 3.0739017 -0.7347722 0.0402939 -0.0963048 0.6702316
1654686241.344402 0.6482027 -0.9500055 3.0687039 -0.7366305 0.0127564 -0.0704209 0.6724963
1654686242.144419 0.5180297 -0.9529248 3.0651729 -0.7370464 -0.0020446 -0.0565409 0.6734682
1654686242.994534 0.3776769 -0.9638875 3.0608962 -0.7371905 -0.0182518 -0.0413569 0.6741705
1654686243.594821 0.2702556 -0.9776642 3.0588627 -0.7370539 -0.0308716 -0.0297377 0.6744723
1654686245.995061 0.1113572 -1.0028470 3.0553491 -0.7364274 -0.0490371 -0.0123509 0.6746233
1654686246.495270 0.1087199 -1.0042276 3.0559599 -0.7365507 -0.0492091 -0.0112932 0.6744944
1654686247.525145 0.1080985 -1.0009857 3.0503390 -0.7367570 -0.0492287 -0.0115219 0.6742636
1654686248.894626 0.1119898 -0.9677417 2.9112749 -0.7392589 -0.0496631 -0.0109926 0.6714966
1654686249.394868 0.1126861 -0.9593700 2.8525217 -0.7391495 -0.0499183 -0.0108901 0.6715997
1654686250.294810 0.1150562 -0.9478379 2.7372191 -0.7386279 -0.0504695 -0.0101413 0.6721438
1654686250.593936 0.1149617 -0.9446777 2.6925843 -0.7382782 -0.0512450 -0.0101651 0.6724688
1654686250.995431 0.1188674 -0.9384001 2.6304677 -0.7381143 -0.0516312 -0.0100888 0.6726202
1654686251.345275 0.1186158 -0.9372111 2.5777946 -0.7376019 -0.0515499 -0.0089262 0.6732051
1654686251.945066 0.1224277 -0.9355009 2.4738061 -0.7370399 -0.0522566 -0.0086540 0.6737697
1654686252.544630 0.1247709 -0.9356749 2.3672295 -0.7366306 -0.0522342 -0.0077072 0.6742306
1654686252.896461 0.1267847 -0.9368114 2.3010445 -0.7364258 -0.0527122 -0.0071309 0.6744228
1654686253.444149 0.1298607 -0.9428685 2.1946104 -0.7358846 -0.0529000 -0.0064953 0.6750057
1654686253.844192 0.1323418 -0.9491689 2.1132233 -0.7354389 -0.0530167 -0.0057152 0.6754889
1654686254.344647 0.1372137 -0.9601569 2.0081253 -0.7348896 -0.0534081 -0.0048919 0.6760610
1654686254.644559 0.1386790 -0.9671852 1.9458102 -0.7347014 -0.0535588 -0.0046288 0.6762558
1654686254.894782 0.1409324 -0.9740825 1.8926758 -0.7344279 -0.0537226 -0.0041850 0.6765420
1654686255.245351 0.1452952 -0.9855241 1.8170617 -0.7340199 -0.0542795 -0.0039183 0.6769421
1654686255.595675 0.1500685 -0.9972256 1.7431322 -0.7338600 -0.0541129 -0.0028270 0.6771351
1654686256.026215 0.1519359 -1.0144575 1.6544334 -0.7335012 -0.0542525 -0.0023797 0.6775140
1654686256.195653 0.1548712 -1.0235357 1.6127071 -0.7335913 -0.0546133 -0.0021119 0.6773884
1654686256.694783 0.1602637 -1.0478340 1.4981325 -0.7330812 -0.0549533 -0.0015478 0.6779141
1654686257.045035 0.1659085 -1.0676537 1.4181203 -0.7330415 -0.0547836 -0.0002945 0.6779729
1654686257.444778 0.1709334 -1.0916767 1.3283887 -0.7332205 -0.0549442 0.0002791 0.6777662
1654686257.644020 0.1742024 -1.1045249 1.2815580 -0.7332579 -0.0555813 0.0001404 0.6776740
1654686257.844890 0.1767004 -1.1186104 1.2346722 -0.7333429 -0.0552687 0.0009687 0.6776070
1654686258.144976 0.1798616 -1.1400549 1.1647096 -0.7335293 -0.0554596 0.0009177 0.6773894
1654686259.346120 0.1954447 -1.2065339 0.9654248 -0.7342516 -0.0557096 0.0030496 0.6765792
1654686260.044491 0.2004835 -1.2393367 0.8805926 -0.7350686 -0.0556665 0.0036162 0.6756928
1654686260.494309 0.2029575 -1.2524290 0.8461698 -0.7353261 -0.0557977 0.0036314 0.6754014
1654686261.044650 0.2056415 -1.2664795 0.8090844 -0.7356468 -0.0556935 0.0040678 0.6750582
1654686261.944093 0.2098036 -1.2915536 0.7472105 -0.7363821 -0.0555935 0.0046971 0.6742591
1654686264.845365 0.2194268 -1.3559114 0.5929596 -0.7395706 -0.0573179 0.0047425 0.6706164
1654686265.244510 0.2213050 -1.3560666 0.5976713 -0.7388445 -0.0556046 0.0055616 0.6715539
1654686266.144152 0.2208196 -1.3511503 0.5966386 -0.7380725 -0.0563174 0.0058100 0.6723404
1654686268.944160 0.2031430 -1.1208580 0.4690778 -0.7399787 -0.0555972 0.0054224 0.6703049
1654686269.994902 0.1926444 -1.0024412 0.4049106 -0.7406271 -0.0549923 0.0054552 0.6696382
1654686272.994167 0.1601465 -0.6435702 0.2086363 -0.7418191 -0.0546954 0.0054969 0.6683413
1654686275.945340 0.1287229 -0.2990702 0.0124955 -0.7438306 -0.0548369 0.0057068 0.6660894
1654686277.694331 0.1175633 -0.1011102 -0.1028828 -0.7454967 -0.0532838 0.0057526 0.6643497
1654686278.144421 0.1172400 -0.0668186 -0.1152408 -0.7456052 -0.0513948 0.0073440 0.6643616
1654686278.544738 0.1191059 -0.0480203 -0.1237100 -0.7457819 -0.0504331 0.0088467 0.6642186
1654686278.944169 0.1200896 -0.0348758 -0.1262677 -0.7457742 -0.0496841 0.0097066 0.6642721
1654686279.394620 0.1197250 -0.0362047 -0.1263673 -0.7455044 -0.0499039 0.0096804 0.6645582
1654686279.876310 0.1197134 -0.0363148 -0.1263653 -0.7455496 -0.0497120 0.0097358 0.6645210
1654686280.094082 0.1194961 -0.0360587 -0.1265832 -0.7455145 -0.0499341 0.0096218 0.6645455
1654686280.393686 0.1197564 -0.0358206 -0.1265991 -0.7455388 -0.0496597 0.0097918 0.6645364
1654686280.648199 0.1196685 -0.0357418 -0.1264374 -0.7455604 -0.0497488 0.0097500 0.6645062
1654686280.944937 0.1197606 -0.0357500 -0.1266212 -0.7455179 -0.0499668 0.0096710 0.6645387
1654686281.195252 0.1197338 -0.0360782 -0.1267231 -0.7454894 -0.0498007 0.0097532 0.6645821
1654686281.494311 0.1195055 -0.0364153 -0.1267490 -0.7454399 -0.0501430 0.0095917 0.6646142
1654686281.943586 0.1196794 -0.0358791 -0.1269049 -0.7454703 -0.0500527 0.0095329 0.6645879
1654686282.394674 0.1197475 -0.0360926 -0.1268493 -0.7454916 -0.0498458 0.0096653 0.6645776
1654686282.893965 0.1197704 -0.0361572 -0.1266767 -0.7455146 -0.0498387 0.0096936 0.6645521
1654686283.193244 0.1197017 -0.0363920 -0.1267452 -0.7454983 -0.0497729 0.0096953 0.6645753
1654686283.526637 0.1196183 -0.0365987 -0.1268568 -0.7454970 -0.0497817 0.0096664 0.6645764
1654686283.974593 0.1197161 -0.0360439 -0.1268752 -0.7454844 -0.0498098 0.0096951 0.6645883
1654686284.344300 0.1195547 -0.0365861 -0.1269169 -0.7454819 -0.0497902 0.0096747 0.6645928
1654686284.845194 0.1197542 -0.0361099 -0.1267052 -0.7455170 -0.0496982 0.0097898 0.6645589
1654686285.044460 0.1196023 -0.0367343 -0.1267267 -0.7454985 -0.0497627 0.0097097 0.6645760
1654686285.393674 0.1195019 -0.0372462 -0.1268729 -0.7454463 -0.0498291 0.0096211 0.6646307
