1654694902.386389 0.2214379 -3.1766138 -0.2153975 -0.7300698 -0.0609253 -0.0038359 0.6806404
1654694903.386305 0.1976223 -3.1115472 -0.0471586 -0.7289093 -0.0617385 -0.0043582 0.6818067
1654694903.686388 0.1975673 -3.0919909 0.0034217 -0.7286307 -0.0616094 -0.0050933 0.6821098
1654694903.936840 0.1833445 -3.0777109 0.0462579 -0.7282184 -0.0626079 -0.0040954 0.6824647
1654694906.736514 0.1434856 -2.9275229 0.5344468 -0.7273802 -0.0621119 -0.0069749 0.6833807
1654694909.686383 0.1023050 -2.8333368 1.0378025 -0.7272167 -0.0607837 -0.0085828 0.6836559
1654694911.436391 0.0829448 -2.7981277 1.3228068 -0.7277062 -0.0600441 -0.0098755 0.6831829
1654694911.885504 0.0786353 -2.7905009 1.3810995 -0.7281009 -0.0597748 -0.0106672 0.6827744
1654694912.236526 0.0762088 -2.7862334 1.4199225 -0.7283521 -0.0599087 -0.0105155 0.6824967
1654694912.435293 0.0754932 -2.7853196 1.4420302 -0.7283668 -0.0597028 -0.0108012 0.6824939
1654694912.886652 0.0719501 -2.7823777 1.4905105 -0.7286696 -0.0597667 -0.0111949 0.6821587
1654694915.336347 0.0615449 -2.7821016 1.7468221 -0.7296394 -0.0602705 -0.0135866 0.6810339
1654694917.485338 0.0461555 -2.7729559 1.9649142 -0.7305111 -0.0588261 -0.0138302 0.6802198
1654694917.735279 0.0467603 -2.7695227 1.9900892 -0.7306808 -0.0582187 -0.0133506 0.6800994
1654694917.835567 0.0445840 -2.7682097 1.9995886 -0.7306013 -0.0576021 -0.0131264 0.6802415
1654694917.935289 0.0445630 -2.7676938 2.0107496 -0.7306022 -0.0575774 -0.0131374 0.6802422
1654694918.535307 0.0393356 -2.7632067 2.0749514 -0.7309354 -0.0571895 -0.0134582 0.6799093
1654694918.736365 0.0397339 -2.7598660 2.0963519 -0.7310416 -0.0566229 -0.0128999 0.6798537
1654694921.486375 0.0201599 -2.7916803 2.4319601 -0.7322543 -0.0568538 -0.0158681 0.6784656
1654694922.735362 0.0082103 -2.7900994 2.6012762 -0.7330076 -0.0566525 -0.0174595 0.6776304
1654694922.835337 0.0083665 -2.7930987 2.6143193 -0.7329373 -0.0563909 -0.0171827 0.6777347
1654694923.236357 0.0071690 -2.8039386 2.6708467 -0.7330687 -0.0569164 -0.0177360 0.6775338
1654694923.286364 0.0069637 -2.8056507 2.6779928 -0.7330675 -0.0566383 -0.0177486 0.6775585
1654694925.485508 -0.0039192 -2.8800089 2.9970372 -0.7339835 -0.0551650 -0.0189524 0.6766548
1654694925.786607 -0.0031700 -2.8897073 3.0422153 -0.7341985 -0.0547518 -0.0186875 0.6764612
1654694925.885389 -0.0031820 -2.8930931 3.0570164 -0.7341556 -0.0546412 -0.0186714 0.6765168
1654694926.286382 -0.0051407 -2.9076910 3.1153286 -0.7345287 -0.0541111 -0.0185445 0.6761570
1654694929.136490 -0.0156104 -3.0316713 3.5154877 -0.7362270 -0.0514917 -0.0192313 0.6744940
1654694932.135458 -0.0307946 -2.9327362 3.5433962 -0.7377222 -0.0513663 -0.0195005 0.6728610
1654694935.135363 -0.0643261 -2.6410384 3.6185837 -0.7390197 -0.0522373 -0.0202210 0.6713477
1654694936.536320 -0.0861198 -2.4996266 3.6478028 -0.7396032 -0.0520005 -0.0202613 0.6707215
1654694939.035379 -0.0833585 -2.5510142 3.7768471 -0.7382959 -0.0516399 -0.0197178 0.6722037
1654694940.485442 -0.0814606 -2.5889030 3.8989949 -0.7387766 -0.0513389 -0.0200403 0.6716910
1654694943.436515 -0.0842578 -2.5953653 3.9166436 -0.7398358 -0.0509051 -0.0203957 0.6705458
1654694946.085506 -0.0870186 -2.6234579 3.9889410 -0.7395875 -0.0508025 -0.0209029 0.6708129
1654694948.935455 -0.0767259 -2.6909811 4.1680655 -0.7397810 -0.0500076 -0.0208379 0.6706599
1654694951.535457 -0.0948547 -2.6509573 4.2116718 -0.7409206 -0.0501233 -0.0215354 0.6693711
1654694954.385489 -0.1280238 -2.3576636 4.3146663 -0.7419150 -0.0508143 -0.0220464 0.6682007
1654694957.086414 -0.1728295 -1.9494373 4.4538565 -0.7447283 -0.0494932 -0.0176281 0.6652948
1654694959.735405 -0.2308023 -1.5243781 4.5792723 -0.7475975 -0.0497041 -0.0161925 0.6620904
1654694962.586419 -0.2680211 -1.3046576 4.6429124 -0.7486810 -0.0504034 -0.0169372 0.6607938
1654694965.436449 0.1932439 -1.2439647 4.6508870 -0.7489332 -0.0225266 -0.0416950 0.6609482
1654694967.486433 0.5773537 -1.1420929 4.6244688 -0.7482857 0.0013118 -0.0624607 0.6604272
1654694967.636379 0.6020216 -1.1361506 4.6272016 -0.7481728 0.0033528 -0.0639101 0.6604093
1654694967.785499 0.6279665 -1.1290970 4.6296444 -0.7478797 0.0052624 -0.0652743 0.6605953
1654694968.236622 0.7143446 -1.1190525 4.6373868 -0.7477016 0.0104560 -0.0703218 0.6602172
1654694968.535430 0.7646412 -1.1217597 4.6376743 -0.7474728 0.0131474 -0.0740244 0.6600233
1654694968.936406 0.8301171 -1.1342156 4.6365943 -0.7470757 0.0183521 -0.0781041 0.6598788
1654694969.436383 0.8858410 -1.1478980 4.6394258 -0.7464691 0.0253733 -0.0841809 0.6595854
1654694969.536530 0.8877985 -1.1527956 4.6399016 -0.7463700 0.0265366 -0.0859817 0.6594194
1654694969.985516 0.9016513 -1.1376667 4.6366587 -0.7456891 0.0296310 -0.0938340 0.6589874
1654694970.085432 0.9023322 -1.1318194 4.6364622 -0.7459131 0.0288491 -0.0967949 0.6583399
1654694970.135395 0.9021979 -1.1303773 4.6364379 -0.7456021 0.0293213 -0.0985645 0.6584088
1654694970.235869 0.9024040 -1.1328367 4.6379695 -0.7453819 0.0318112 -0.0980981 0.6586121
1654694970.288331 0.9019019 -1.1359453 4.6386347 -0.7456257 0.0329978 -0.0983976 0.6582330
1654694970.386358 0.8992582 -1.1440055 4.6402888 -0.7454392 0.0345623 -0.0990672 0.6582634
1654694970.636871 0.8920616 -1.1747415 4.6461234 -0.7451506 0.0375708 -0.1021414 0.6579558
1654694970.735422 0.8884841 -1.1882784 4.6486220 -0.7449152 0.0387807 -0.1036615 0.6579143
1654694970.785454 0.8866048 -1.1955823 4.6499600 -0.7443994 0.0395176 -0.1044051 0.6583366
1654694970.835369 0.8846574 -1.2032228 4.6513934 -0.7443990 0.0404432 -0.1058077 0.6580570
1654694970.886414 0.8824645 -1.2112103 4.6529241 -0.7444469 0.0412074 -0.1071314 0.6577411
1654694970.986395 0.8778930 -1.2278619 4.6561527 -0.7437833 0.0432512 -0.1104498 0.6578119
1654694971.036947 0.8751324 -1.2365601 4.6578021 -0.7436101 0.0438539 -0.1116735 0.6577612
1654694971.136447 0.8683118 -1.2541049 4.6611381 -0.7433124 0.0443927 -0.1139229 0.6576759
